0.1, 0.0009259867737962553
0.101, 0.0009360275607255524
0.10200000000000001, 0.0009460838114012124
0.10300000000000001, 0.0009561555258232355
0.10400000000000001, 0.0009662427039916216
0.10500000000000001, 0.0009763453459063708
0.10600000000000001, 0.000986463451567483
0.10700000000000001, 0.0009965970209749584
0.10800000000000001, 0.0010067460541287967
0.10900000000000001, 0.0010169105510289982
0.11, 0.0010270905116755626
0.111, 0.00103728593606849
0.112, 0.0010474968242077808
0.113, 0.0010577231760934343
0.114, 0.0010679649917254511
0.115, 0.001078222271103831
0.116, 0.0010884950142285737
0.117, 0.0010987832210996795
0.11800000000000001, 0.0011090868917171485
0.11900000000000001, 0.0011194060260809806
0.12000000000000001, 0.0011297406241911757
0.12100000000000001, 0.0011400906860477337
0.122, 0.001150456211650655
0.123, 0.001160837200999939
0.124, 0.0011712336540955863
0.125, 0.0011816455709375967
0.126, 0.0011920729515259702
0.127, 0.0012025157958607067
0.128, 0.001212974103941806
0.129, 0.0012234478757692686
0.13, 0.0012339371113430945
0.131, 0.0012444418106632832
0.132, 0.0012549619737298348
0.133, 0.0012654976005427496
0.134, 0.0012760486911020277
0.135, 0.0012866152454076686
0.136, 0.0012971972634596724
0.137, 0.0013077947452580395
0.138, 0.0013184076908027698
0.139, 0.001329036100093863
0.14, 0.0013396799731313189
0.14100000000000001, 0.0013503393099151384
0.14200000000000002, 0.0013610141104453207
0.14300000000000002, 0.001371704374721866
0.14400000000000002, 0.0013824101027447744
0.14500000000000002, 0.0013931312945140459
0.14600000000000002, 0.0014038679500296806
0.14700000000000002, 0.0014146200692916782
0.14800000000000002, 0.001425387652300039
0.14900000000000002, 0.0014361706990547625
0.15000000000000002, 0.0014469692095558494
0.15100000000000002, 0.0014577831838032992
0.15200000000000002, 0.0014686126217971123
0.153, 0.0014794575235372877
0.154, 0.001490317889023827
0.155, 0.001501193718256729
0.156, 0.0015120850112359942
0.157, 0.0015229917679616223
0.158, 0.0015339139884336136
0.159, 0.001544851672651968
0.16, 0.0015558048206166853
0.161, 0.0015667734323277656
0.162, 0.0015777575077852092
0.163, 0.0015887570469890159
0.164, 0.0015997720499391856
0.165, 0.001610802516635718
0.166, 0.0016218484470786137
0.167, 0.0016329098412678727
0.168, 0.0016439866992034944
0.169, 0.0016550790208854792
0.17, 0.0016661868063138272
0.171, 0.0016773100554885382
0.17200000000000001, 0.0016884487684096124
0.173, 0.001699602945077049
0.174, 0.0017107725854908493
0.175, 0.0017219576896510126
0.176, 0.001733158257557539
0.177, 0.001744374289210428
0.178, 0.0017556057846096805
0.179, 0.0017668527437552962
0.18, 0.0017781151666472748
0.181, 0.0017893930532856164
0.182, 0.0018006864036703208
0.183, 0.0018119952178013887
0.184, 0.0018233194956788195
0.185, 0.0018346592373026133
0.186, 0.00184601444267277
0.187, 0.00185738511178929
0.188, 0.001868771244652173
0.189, 0.0018801728412614193
0.19, 0.0018915899016170282
0.191, 0.0019030224257190003
0.192, 0.0019144704135673355
0.193, 0.001925933865162034
0.194, 0.0019374127805030952
0.195, 0.0019489071595905196
0.196, 0.001960417002424307
0.197, 0.0019719423090044574
0.198, 0.0019834830793309713
0.199, 0.0019950393134038477
0.2, 0.0020066110112230873
0.201, 0.00201819817278869
0.202, 0.002029800798100656
0.203, 0.002041418887158985
0.20400000000000001, 0.0020530524399636767
0.20500000000000002, 0.0020647014565147318
0.20600000000000002, 0.0020763659368121497
0.20700000000000002, 0.002088045880855931
0.20800000000000002, 0.002099741288646075
0.20900000000000002, 0.0021114521601825822
0.21000000000000002, 0.0021231784954654524
0.21100000000000002, 0.002134920294494686
0.21200000000000002, 0.002146677557270282
0.21300000000000002, 0.0021584502837922416
0.21400000000000002, 0.002170238474060564
0.21500000000000002, 0.0021820421280752495
0.21600000000000003, 0.002193861245836298
0.21700000000000003, 0.0022056958273437097
0.21800000000000003, 0.0022175458725974847
0.21900000000000003, 0.0022294113815976226
0.22, 0.002241292354344123
0.221, 0.0022531887908369868
0.222, 0.002265100691076214
0.223, 0.0022770280550618036
0.224, 0.002288970882793757
0.225, 0.002300929174272073
0.226, 0.002312902929496752
0.227, 0.0023248921484677948
0.228, 0.0023368968311851994
0.229, 0.0023489169776489682
0.23, 0.0023609525878590994
0.231, 0.002373003661815594
0.232, 0.0023850701995184517
0.233, 0.0023971522009676722
0.234, 0.0024092496661632557
0.23500000000000001, 0.0024213625951052023
0.23600000000000002, 0.002433490987793512
0.23700000000000002, 0.002445634844228185
0.23800000000000002, 0.0024577941644092207
0.23900000000000002, 0.00246996894833662
0.24000000000000002, 0.002482159196010382
0.24100000000000002, 0.0024943649074305073
0.24200000000000002, 0.0025065860825969947
0.24300000000000002, 0.002518822721509846
0.24400000000000002, 0.00253107482416906
0.245, 0.0025433423905746374
0.246, 0.0025556254207265774
0.247, 0.0025679239146248808
0.248, 0.0025802378722695474
0.249, 0.002592567293660577
0.25, 0.0026049121787979695
0.251, 0.002617272527681725
0.252, 0.002629648340311844
0.253, 0.002642039616688326
0.254, 0.0026544463568111704
0.255, 0.002666868560680378
0.256, 0.002679306228295949
0.257, 0.002691759359657883
0.258, 0.00270422795476618
0.259, 0.00271671201362084
0.26, 0.0027292115362218634
0.261, 0.00274172652256925
0.262, 0.0027542569726629993
0.263, 0.002766802886503111
0.264, 0.0027793642640895865
0.265, 0.002791941105422425
0.266, 0.0028045334105016263
0.267, 0.002817141179327191
0.268, 0.002829764411899119
0.269, 0.0028424031082174093
0.27, 0.002855057268282063
0.271, 0.00286772689209308
0.272, 0.0028804119796504595
0.273, 0.0028931125309542022
0.274, 0.0029058285460043087
0.275, 0.0029185600248007775
0.276, 0.0029313069673436096
0.277, 0.002944069373632805
0.278, 0.002956847243668363
0.279, 0.0029696405774502846
0.28, 0.002982449374978568
0.281, 0.0029952736362532156
0.28200000000000003, 0.003008113361274226
0.28300000000000003, 0.0030209685500415997
0.28400000000000003, 0.003033839202555336
0.28500000000000003, 0.003046725318815436
0.28600000000000003, 0.0030596268988218986
0.28700000000000003, 0.0030725439425747245
0.28800000000000003, 0.003085476450073913
0.28900000000000003, 0.003098424421319465
0.29000000000000004, 0.0031113878563113796
0.29100000000000004, 0.0031243667550496573
0.29200000000000004, 0.0031373611175342987
0.29300000000000004, 0.0031503709437653024
0.29400000000000004, 0.00316339623374267
0.29500000000000004, 0.0031764369874664
0.29600000000000004, 0.0031894932049364934
0.29700000000000004, 0.0032025648861529494
0.29800000000000004, 0.0032156520311157686
0.29900000000000004, 0.003228754639824951
0.30000000000000004, 0.0032418727122804965
0.30100000000000005, 0.003255006248482405
0.30200000000000005, 0.0032681552484306767
0.30300000000000005, 0.0032813197121253114
0.30400000000000005, 0.003294499639566309
0.30500000000000005, 0.0033076950307536694
0.30600000000000005, 0.003320905885687393
0.30700000000000005, 0.0033341322043674805
0.30800000000000005, 0.0033473739867939303
0.309, 0.0033606312329667425
0.31, 0.003373903942885919
0.311, 0.003387192116551458
0.312, 0.00340049575396336
0.313, 0.003413814855121625
0.314, 0.0034271494200262534
0.315, 0.0034404994486772443
0.316, 0.003453864941074599
0.317, 0.0034672458972183164
0.318, 0.0034806423171083968
0.319, 0.003494054200744841
0.32, 0.0035074815481276472
0.321, 0.0035209243592568165
0.322, 0.0035343826341323495
0.323, 0.0035478563727542453
0.324, 0.003561345575122504
0.325, 0.003574850241237126
0.326, 0.003588370371098111
0.327, 0.003601905964705459
0.328, 0.0036154570220591703
0.329, 0.0036290235431592445
0.33, 0.003642605528005681
0.331, 0.0036562029765984812
0.332, 0.0036698158889376447
0.333, 0.003683444265023171
0.334, 0.0036970881048550607
0.335, 0.003710747408433313
0.336, 0.003724422175757929
0.337, 0.0037381124068289074
0.338, 0.0037518181016462484
0.339, 0.0037655392602099534
0.33999999999999997, 0.0037792758825200205
0.34099999999999997, 0.0037930279685764513
0.34199999999999997, 0.0038067955183792453
0.34299999999999997, 0.003820578531928402
0.344, 0.0038343770092239223
0.345, 0.0038481909502658053
0.346, 0.003862020355054051
0.347, 0.00387586522358866
0.348, 0.0038897255558696326
0.349, 0.0039036013518969678
0.35, 0.003917492611670666
0.351, 0.003931399335190728
0.352, 0.003945321522457152
0.353, 0.0039592591734699395
0.354, 0.00397321228822909
0.355, 0.003987180866734604
0.356, 0.0040011649089864805
0.357, 0.00401516441498472
0.358, 0.004029179384729323
0.359, 0.004043209818220289
0.36, 0.004057255715457618
0.361, 0.0040713170764413095
0.362, 0.004085393901171365
0.363, 0.004099486189647783
0.364, 0.004113593941870564
0.365, 0.004127717157839708
0.366, 0.004141855837555216
0.367, 0.004156009981017086
0.368, 0.00417017958822532
0.369, 0.004184364659179916
0.37, 0.004198565193880875
0.371, 0.004212781192328197
0.372, 0.004227012654521883
0.373, 0.004241259580461932
0.374, 0.0042555219701483436
0.375, 0.004269799823581119
0.376, 0.004284093140760257
0.377, 0.0042984019216857575
0.378, 0.0043127261663576215
0.379, 0.004327065874775849
0.38, 0.004341421046940438
0.381, 0.004355791682851391
0.382, 0.004370177782508707
0.383, 0.004384579345912387
0.384, 0.004398996373062429
0.385, 0.004413428863958835
0.386, 0.004427876818601603
0.387, 0.004442340236990735
0.388, 0.004456819119126229
0.389, 0.004471313465008086
0.39, 0.004485823274636307
0.391, 0.0045003485480108905
0.392, 0.004514889285131838
0.393, 0.004529445485999147
0.394, 0.00454401715061282
0.395, 0.004558604278972856
0.396, 0.004573206871079255
0.397, 0.004587824926932017
0.398, 0.004602458446531142
0.399, 0.0046171074298766305
0.4, 0.004631771876968482
0.401, 0.004646451787806696
0.402, 0.004661147162391273
0.403, 0.004675858000722214
0.404, 0.0046905843027995175
0.405, 0.004705326068623184
0.406, 0.004720083298193213
0.40700000000000003, 0.004734855991509606
0.40800000000000003, 0.004749644148572362
0.40900000000000003, 0.00476444776938148
0.41000000000000003, 0.004779266853936962
0.41100000000000003, 0.004794101402238807
0.41200000000000003, 0.004808951414287015
0.41300000000000003, 0.0048238168900815856
0.41400000000000003, 0.004838697829622519
0.41500000000000004, 0.004853594232909817
0.41600000000000004, 0.004868506099943477
0.41700000000000004, 0.004883433430723501
0.41800000000000004, 0.004898376225249887
0.41900000000000004, 0.004913334483522636
0.42000000000000004, 0.004928308205541748
0.42100000000000004, 0.004943297391307224
0.42200000000000004, 0.004958302040819062
0.42300000000000004, 0.004973322154077264
0.42400000000000004, 0.0049883577310818284
0.42500000000000004, 0.005003408771832756
0.42600000000000005, 0.005018475276330047
0.42700000000000005, 0.005033557244573701
0.42800000000000005, 0.005048654676563718
0.42900000000000005, 0.005063767572300097
0.43000000000000005, 0.00507889593178284
0.43100000000000005, 0.005094039755011946
0.43200000000000005, 0.005109199041987415
0.43300000000000005, 0.005124373792709247
0.43400000000000005, 0.005139564007177443
0.43500000000000005, 0.005154769685392001
0.43600000000000005, 0.0051699908273529225
0.43700000000000006, 0.005185227433060206
0.43800000000000006, 0.005200479502513854
0.43900000000000006, 0.005215747035713864
0.44000000000000006, 0.005231030032660238
0.44100000000000006, 0.0052463284933529745
0.44200000000000006, 0.005261642417792074
0.44300000000000006, 0.0052769718059775365
0.44400000000000006, 0.0052923166579093624
0.44500000000000006, 0.005307676973587552
0.44600000000000006, 0.005323052753012104
0.44700000000000006, 0.005338443996183018
0.44800000000000006, 0.005353850703100296
0.44900000000000007, 0.0053692728737639375
0.45000000000000007, 0.005384710508173941
0.45100000000000007, 0.005400163606330308
0.45199999999999996, 0.005415632168233037
0.45299999999999996, 0.0054311161938821306
0.45399999999999996, 0.0054466156832775866
0.45499999999999996, 0.005462130636419406
0.45599999999999996, 0.005477661053307588
0.45699999999999996, 0.005493206933942134
0.45799999999999996, 0.005508768278323042
0.45899999999999996, 0.005524345086450314
0.45999999999999996, 0.005539937358323949
0.46099999999999997, 0.005555545093943947
0.46199999999999997, 0.005571168293310307
0.46299999999999997, 0.005586806956423032
0.46399999999999997, 0.005602461083282118
0.46499999999999997, 0.005618130673887569
0.46599999999999997, 0.005633815728239381
0.46699999999999997, 0.0056495162463375565
0.46799999999999997, 0.0056652322281820966
0.469, 0.005680963673772998
0.47, 0.005696710583110264
0.471, 0.005712472956193892
0.472, 0.005728250793023883
0.473, 0.005744044093600238
0.474, 0.005759852857922956
0.475, 0.005775677085992036
0.476, 0.005791516777807479
0.477, 0.005807371933369287
0.478, 0.005823242552677456
0.479, 0.005839128635731989
0.48, 0.005855030182532884
0.481, 0.0058709471930801435
0.482, 0.005886879667373765
0.483, 0.0059028276054137515
0.484, 0.005918791007200099
0.485, 0.005934769872732809
0.486, 0.005950764202011884
0.487, 0.005966773995037321
0.488, 0.005982799251809122
0.489, 0.005998839972327284
0.49, 0.006014896156591811
0.491, 0.0060309678046027
0.492, 0.006047054916359953
0.493, 0.0060631574918635685
0.494, 0.0060792755311135475
0.495, 0.006095409034109889
0.496, 0.006111558000852594
0.497, 0.006127722431341662
0.498, 0.006143902325577093
0.499, 0.006160097683558886
0.5, 0.006176308505287043
0.501, 0.006192534790761563
0.502, 0.006208776539982447
0.503, 0.006225033752949692
0.504, 0.006241306429663302
0.505, 0.006257594570123274
0.506, 0.00627389817432961
0.507, 0.006290217242282308
0.508, 0.00630655177398137
0.509, 0.006322901769426794
0.51, 0.0063392672286185815
0.511, 0.006355648151556733
0.512, 0.006372044538241245
0.513, 0.006388456388672123
0.514, 0.006404883702849362
0.515, 0.0064213264807729655
0.516, 0.00643778472244293
0.517, 0.006454258427859259
0.518, 0.006470747597021952
0.519, 0.006487252229931007
0.52, 0.006503772326586426
0.521, 0.006520307886988206
0.522, 0.006536858911136351
0.523, 0.006553425399030859
0.524, 0.006570007350671729
0.525, 0.006586604766058962
0.526, 0.006603217645192558
0.527, 0.006619845988072518
0.528, 0.00663648979469884
0.529, 0.006653149065071527
0.53, 0.006669823799190575
0.531, 0.006686513997055987
0.532, 0.006703219658667762
0.533, 0.0067199407840259
0.534, 0.0067366773731304
0.535, 0.006753429425981264
0.536, 0.006770196942578492
0.537, 0.006786979922922081
0.538, 0.006803778367012035
0.539, 0.006820592274848351
0.54, 0.00683742164643103
0.541, 0.006854266481760072
0.542, 0.006871126780835478
0.543, 0.006888002543657247
0.544, 0.006904893770225378
0.545, 0.006921800460539872
0.546, 0.00693872261460073
0.547, 0.006955660232407951
0.548, 0.006972613313961535
0.549, 0.006989581859261481
0.55, 0.007006565868307791
0.551, 0.0070235653411004646
0.552, 0.0070405802776395
0.553, 0.007057610677924899
0.554, 0.007074656541956662
0.555, 0.007091717869734787
0.556, 0.0071087946612592755
0.557, 0.007125886916530126
0.558, 0.007142994635547341
0.559, 0.007160117818310918
0.56, 0.007177256464820858
0.561, 0.007194410575077162
0.562, 0.007211580149079829
0.5630000000000001, 0.007228765186828858
0.5640000000000001, 0.00724596568832425
0.5650000000000001, 0.007263181653566007
0.5660000000000001, 0.007280413082554125
0.5670000000000001, 0.007297659975288608
0.5680000000000001, 0.007314922331769452
0.5690000000000001, 0.00733220015199666
0.5700000000000001, 0.007349493435970231
0.5710000000000001, 0.007366802183690165
0.5720000000000001, 0.007384126395156463
0.5730000000000001, 0.007401466070369123
0.5740000000000001, 0.007418821209328146
0.5750000000000001, 0.007436191812033532
0.5760000000000001, 0.0074535778784852805
0.5770000000000001, 0.0074709794086833935
0.5780000000000001, 0.00748839640262787
0.5790000000000001, 0.007505828860318708
0.58, 0.007523276781755907
0.581, 0.007540740166939472
0.582, 0.0075582190158694
0.583, 0.00757571332854569
0.584, 0.007593223104968344
0.585, 0.007610748345137361
0.586, 0.007628289049052742
0.587, 0.007645845216714484
0.588, 0.0076634168481225905
0.589, 0.007681003943277059
0.59, 0.007698606502177892
0.591, 0.007716224524825087
0.592, 0.007733858011218645
0.593, 0.007751506961358567
0.594, 0.007769171375244851
0.595, 0.007786851252877499
0.596, 0.007804546594256509
0.597, 0.007822257399381883
0.598, 0.007839983668253619
0.599, 0.007857725400871719
0.6, 0.007875482597236182
0.601, 0.007893255257347007
0.602, 0.007911043381204196
0.603, 0.007928846968807749
0.604, 0.007946666020157664
0.605, 0.007964500535253941
0.606, 0.007982350514096584
0.607, 0.008000215956685586
0.608, 0.008018096863020954
0.609, 0.008035993233102685
0.61, 0.008053905066930777
0.611, 0.008071832364505234
0.612, 0.008089775125826053
0.613, 0.008107733350893237
0.614, 0.008125707039706782
0.615, 0.008143696192266691
0.616, 0.008161700808572963
0.617, 0.008179720888625596
0.618, 0.008197756432424595
0.619, 0.008215807439969955
0.62, 0.00823387391126168
0.621, 0.008251955846299766
0.622, 0.008270053245084216
0.623, 0.00828816610761503
0.624, 0.008306294433892206
0.625, 0.008324438223915744
0.626, 0.008342597477685646
0.627, 0.008360772195201913
0.628, 0.00837896237646454
0.629, 0.008397168021473531
0.63, 0.008415389130228886
0.631, 0.008433625702730605
0.632, 0.008451877738978684
0.633, 0.008470145238973128
0.634, 0.008488428202713935
0.635, 0.008506726630201104
0.636, 0.008525040521434638
0.637, 0.008543369876414533
0.638, 0.008561714695140794
0.639, 0.008580074977613414
0.64, 0.0085984507238324
0.641, 0.008616841933797748
0.642, 0.008635248607509458
0.643, 0.008653670744967533
0.644, 0.00867210834617197
0.645, 0.00869056141112277
0.646, 0.008709029939819934
0.647, 0.00872751393226346
0.648, 0.00874601338845335
0.649, 0.008764528308389603
0.65, 0.008783058692072219
0.651, 0.008801604539501197
0.652, 0.00882016585067654
0.653, 0.008838742625598243
0.654, 0.008857334864266313
0.655, 0.008875942566680742
0.656, 0.008894565732841538
0.657, 0.008913204362748693
0.658, 0.008931858456402214
0.659, 0.008950528013802098
0.66, 0.008969213034948343
0.661, 0.008987913519840952
0.662, 0.009006629468479924
0.663, 0.00902536088086526
0.664, 0.009044107756996957
0.665, 0.009062870096875019
0.666, 0.009081647900499444
0.667, 0.009100441167870232
0.668, 0.009119249898987384
0.669, 0.009138074093850895
0.67, 0.009156913752460773
0.671, 0.009175768874817013
0.672, 0.009194639460919616
0.673, 0.009213525510768582
0.674, 0.009232427024363912
0.675, 0.009251344001705603
0.676, 0.009270276442793657
0.6769999999999999, 0.009289224347628074
0.6779999999999999, 0.009308187716208855
0.6789999999999999, 0.009327166548536
0.6799999999999999, 0.009346160844609507
0.6809999999999999, 0.009365170604429377
0.6819999999999999, 0.009384195827995611
0.6829999999999999, 0.009403236515308208
0.6839999999999999, 0.009422292666367169
0.6849999999999999, 0.00944136428117249
0.6859999999999999, 0.009460451359724176
0.6869999999999999, 0.009479553902022224
0.688, 0.009498671908066636
0.689, 0.009517805377857411
0.69, 0.00953695431139455
0.691, 0.009556118708678051
0.692, 0.009575298569707914
0.693, 0.009594493894484142
0.694, 0.009613704683006732
0.695, 0.009632930935275685
0.696, 0.009652172651291
0.697, 0.00967142983105268
0.698, 0.009690702474560723
0.699, 0.009709990581815129
0.7, 0.009729294152815897
0.701, 0.009748613187563027
0.702, 0.009767947686056523
0.703, 0.00978729764829638
0.704, 0.009806663074282601
0.705, 0.009826043964015185
0.706, 0.009845440317494132
0.707, 0.009864852134719443
0.708, 0.009884279415691114
0.709, 0.009903722160409151
0.71, 0.00992318036887355
0.711, 0.009942654041084312
0.712, 0.009962143177041437
0.713, 0.009981647776744925
0.714, 0.010001167840194777
0.715, 0.010020703367390991
0.716, 0.01004025435833357
0.717, 0.01005982081302251
0.718, 0.010079402731457812
0.719, 0.01009900011363948
0.72, 0.01011861295956751
0.721, 0.010138241269241902
0.722, 0.010157885042662658
0.723, 0.010177544279829778
0.724, 0.010197218980743258
0.725, 0.010216909145403104
0.726, 0.010236614773809312
0.727, 0.010256335865961882
0.728, 0.010276072421860818
0.729, 0.010295824441506115
0.73, 0.010315591924897774
0.731, 0.010335374872035799
0.732, 0.010355173282920184
0.733, 0.010374987157550935
0.734, 0.010394816495928046
0.735, 0.010414661298051521
0.736, 0.01043452156392136
0.737, 0.010454397293537563
0.738, 0.010474288486900126
0.739, 0.010494195144009054
0.74, 0.010514117264864346
0.741, 0.010534054849465999
0.742, 0.010554007897814015
0.743, 0.010573976409908396
0.744, 0.010593960385749139
0.745, 0.010613959825336246
0.746, 0.010633974728669714
0.747, 0.010654005095749547
0.748, 0.01067405092657574
0.749, 0.0106941122211483
0.75, 0.010714188979467222
0.751, 0.010734281201532506
0.752, 0.010754388887344153
0.753, 0.010774512036902164
0.754, 0.010794650650206537
0.755, 0.010814804727257274
0.756, 0.010834974268054375
0.757, 0.010855159272597836
0.758, 0.010875359740887663
0.759, 0.010895575672923853
0.76, 0.010915807068706405
0.761, 0.01093605392823532
0.762, 0.010956316251510598
0.763, 0.01097659403853224
0.764, 0.010996887289300242
0.765, 0.01101719600381461
0.766, 0.01103752018207534
0.767, 0.011057859824082434
0.768, 0.01107821492983589
0.769, 0.01109858549933571
0.77, 0.011118971532581892
0.771, 0.011139373029574438
0.772, 0.011159789990313347
0.773, 0.011180222414798617
0.774, 0.011200670303030253
0.775, 0.01122113365500825
0.776, 0.01124161247073261
0.777, 0.011262106750203336
0.778, 0.011282616493420421
0.779, 0.011303141700383873
0.78, 0.011323682371093685
0.781, 0.011344238505549862
0.782, 0.011364810103752402
0.783, 0.011385397165701304
0.784, 0.011405999691396568
0.785, 0.011426617680838197
0.786, 0.011447251134026188
0.787, 0.011467900050960544
0.788, 0.01148856443164126
0.789, 0.011509244276068342
0.79, 0.011529939584241786
0.791, 0.011550650356161592
0.792, 0.011571376591827762
0.793, 0.011592118291240294
0.794, 0.01161287545439919
0.795, 0.01163364808130445
0.796, 0.011654436171956072
0.797, 0.011675239726354057
0.798, 0.011696058744498406
0.799, 0.011716893226389118
0.8, 0.01173774317202619
0.801, 0.011758608581409629
0.802, 0.01177948945453943
0.803, 0.011800385791415593
0.8039999999999999, 0.011821297592038116
0.8049999999999999, 0.011842224856407006
0.8059999999999999, 0.011863167584522258
0.8069999999999999, 0.011884125776383873
0.8079999999999999, 0.011905099431991853
0.8089999999999999, 0.011926088551346196
0.8099999999999999, 0.0119470931344469
0.8109999999999999, 0.011968113181293968
0.8119999999999999, 0.0119891486918874
0.813, 0.012010199666227194
0.814, 0.01203126610431335
0.815, 0.01205234800614587
0.816, 0.012073445371724754
0.817, 0.012094558201049998
0.818, 0.012115686494121609
0.819, 0.012136830250939581
0.82, 0.012157989471503917
0.821, 0.012179164155814614
0.822, 0.012200354303871678
0.823, 0.012221559915675102
0.824, 0.012242780991224889
0.825, 0.012264017530521039
0.826, 0.012285269533563552
0.827, 0.01230653700035243
0.828, 0.01232781993088767
0.829, 0.012349118325169273
0.83, 0.01237043218319724
0.831, 0.01239176150497157
0.832, 0.01241310629049226
0.833, 0.012434466539759315
0.834, 0.012455842252772735
0.835, 0.012477233429532514
0.836, 0.01249864007003866
0.837, 0.012520062174291167
0.838, 0.012541499742290038
0.839, 0.01256295277403527
0.84, 0.012584421269526868
0.841, 0.012605905228764827
0.842, 0.01262740465174915
0.843, 0.012648919538479835
0.844, 0.012670449888956884
0.845, 0.012691995703180296
0.846, 0.012713556981150072
0.847, 0.01273513372286621
0.848, 0.01275672592832871
0.849, 0.012778333597537574
0.85, 0.012799956730492801
0.851, 0.012821595327194391
0.852, 0.012843249387642346
0.853, 0.012864918911836661
0.854, 0.012886603899777341
0.855, 0.012908304351464384
0.856, 0.012930020266897789
0.857, 0.012951751646077557
0.858, 0.012973498489003688
0.859, 0.012995260795676184
0.86, 0.01301703856609504
0.861, 0.013038831800260263
0.862, 0.013060640498171846
0.863, 0.013082464659829793
0.864, 0.013104304285234103
0.865, 0.013126159374384777
0.866, 0.013148029927281812
0.867, 0.01316991594392521
0.868, 0.013191817424314974
0.869, 0.013213734368451099
0.87, 0.013235666776333588
0.871, 0.013257614647962438
0.872, 0.013279577983337653
0.873, 0.01330155678245923
0.874, 0.013323551045327172
0.875, 0.013345560771941475
0.876, 0.013367585962302142
0.877, 0.013389626616409172
0.878, 0.013411682734262565
0.879, 0.013433754315862322
0.88, 0.013455841361208438
0.881, 0.01347794387030092
0.882, 0.013500061843139767
0.883, 0.013522195279724973
0.884, 0.013544344180056546
0.885, 0.013566508544134478
0.886, 0.013588688371958778
0.887, 0.013610883663529437
0.888, 0.01363309441884646
0.889, 0.013655320637909847
0.89, 0.013677562320719597
0.891, 0.01369981946727571
0.892, 0.013722092077578185
0.893, 0.013744380151627024
0.894, 0.013766683689422224
0.895, 0.01378900269096379
0.896, 0.013811337156251716
0.897, 0.013833687085286008
0.898, 0.013856052478066662
0.899, 0.01387843333459368
0.9, 0.01390082965486706
0.901, 0.013923241438886801
0.902, 0.01394566868665291
0.903, 0.013968111398165377
0.904, 0.01399056957342421
0.905, 0.014013043212429405
0.906, 0.014035532315180965
0.907, 0.014058036881678886
0.908, 0.01408055691192317
0.909, 0.014103092405913818
0.91, 0.014125643363650828
0.911, 0.014148209785134203
0.912, 0.014170791670363938
0.913, 0.014193389019340039
0.914, 0.014216001832062501
0.915, 0.014238630108531328
0.916, 0.014261273848746515
0.917, 0.01428393305270807
0.918, 0.014306607720415983
0.919, 0.014329297851870261
0.92, 0.014352003447070903
0.921, 0.014374724506017907
0.922, 0.014397461028711273
0.923, 0.014420213015151005
0.924, 0.014442980465337098
0.925, 0.014465763379269555
0.926, 0.014488561756948374
0.927, 0.014511375598373556
0.928, 0.014534204903545102
0.929, 0.014557049672463011
0.93, 0.014579909905127284
0.931, 0.014602785601537917
0.932, 0.014625676761694916
0.9329999999999999, 0.014648583385598274
0.9339999999999999, 0.014671505473247998
0.9349999999999999, 0.014694443024644087
0.9359999999999999, 0.014717396039786536
0.9369999999999999, 0.014740364518675348
0.938, 0.014763348461310524
0.939, 0.014786347867692066
0.94, 0.014809362737819968
0.941, 0.014832393071694231
0.942, 0.01485543886931486
0.943, 0.014878500130681852
0.944, 0.014901576855795207
0.945, 0.014924669044654924
0.946, 0.014947776697261005
0.947, 0.014970899813613447
0.948, 0.014994038393712257
0.949, 0.015017192437557426
0.95, 0.015040361945148958
0.951, 0.015063546916486854
0.952, 0.015086747351571114
0.953, 0.015109963250401736
0.954, 0.01513319461297872
0.955, 0.01515644143930207
0.956, 0.015179703729371781
0.957, 0.015202981483187855
0.958, 0.015226274700750293
0.959, 0.015249583382059093
0.96, 0.015272907527114257
0.961, 0.015296247135915781
0.962, 0.015319602208463673
0.963, 0.015342972744757925
0.964, 0.01536635874479854
0.965, 0.01538976020858552
0.966, 0.015413177136118863
0.967, 0.015436609527398566
0.968, 0.015460057382424635
0.969, 0.015483520701197065
0.97, 0.01550699948371586
0.971, 0.015530493729981016
0.972, 0.015554003439992537
0.973, 0.015577528613750419
0.974, 0.015601069251254665
0.975, 0.015624625352505275
0.976, 0.01564819691750225
0.977, 0.015671783946245584
0.978, 0.015695386438735283
0.979, 0.015719004394971342
0.98, 0.015742637814953768
0.981, 0.015766286698682557
0.982, 0.015789951046157706
0.983, 0.01581363085737922
0.984, 0.015837326132347097
0.985, 0.01586103687106134
0.986, 0.01588476307352194
0.987, 0.015908504739728907
0.988, 0.015932261869682236
0.989, 0.01595603446338193
0.99, 0.015979822520827983
0.991, 0.0160036260420204
0.992, 0.016027445026959183
0.993, 0.016051279475644328
0.994, 0.016075129388075836
0.995, 0.016098994764253707
0.996, 0.01612287560417794
0.997, 0.016146771907848537
0.998, 0.016170683675265494
0.999, 0.01619461090642882
1., 0.016218553601338503
1.0010000000000001, 0.016242511759994555
1.002, 0.016266485382396965
1.0030000000000001, 0.016290474468545743
1.004, 0.01631447901844088
1.0050000000000001, 0.01633849903208238
1.006, 0.016362534509470242
1.0070000000000001, 0.016386585450604473
1.008, 0.016410651855485063
1.0090000000000001, 0.01643473372411202
1.01, 0.01645883105648533
1.0110000000000001, 0.016482943852605014
1.012, 0.01650707211247105
1.0130000000000001, 0.01653121583608346
1.014, 0.016555375023442228
1.0150000000000001, 0.01657954967454736
1.016, 0.016603739789398855
1.0170000000000001, 0.016627945367996715
1.018, 0.01665216641034093
1.0190000000000001, 0.01667640291643152
1.02, 0.016700654886268464
1.0210000000000001, 0.016724922319851773
1.022, 0.016749205217181446
1.0230000000000001, 0.016773503578257486
1.024, 0.01679781740307988
1.0250000000000001, 0.016822146691648648
1.026, 0.016846491443963767
1.0270000000000001, 0.01687085166002526
1.028, 0.01689522733983311
1.0290000000000001, 0.016919618483387328
1.03, 0.016944025090687903
1.0310000000000001, 0.016968447161734845
1.032, 0.016992884696528144
1.0330000000000001, 0.017017337695067816
1.034, 0.01704180615735384
1.0350000000000001, 0.017066290083386237
1.036, 0.01709078947316499
1.0370000000000001, 0.01711530432669011
1.038, 0.017139834643961592
1.0390000000000001, 0.01716438042497944
1.04, 0.017188941669743645
1.0410000000000001, 0.01721351837825422
1.042, 0.01723811055051115
1.0430000000000001, 0.01726271818651445
1.044, 0.017287341286264107
1.0450000000000002, 0.017311979849760135
1.046, 0.017336633877002516
1.0470000000000002, 0.01736130336799127
1.048, 0.017385988322726382
1.0490000000000002, 0.01741068874120786
1.05, 0.017435404623435694
1.0510000000000002, 0.0174601359694099
1.052, 0.017484882779130462
1.0530000000000002, 0.017509645052597392
1.054, 0.01753442278981068
1.0550000000000002, 0.017559215990770337
1.056, 0.01758402465547635
1.0570000000000002, 0.017608848783928734
1.058, 0.017633688376127474
1.0590000000000002, 0.017658543432072585
1.06, 0.01768341395176405
1.061, 0.017708299935201878
1.062, 0.017733201382386078
1.063, 0.01775811829331663
1.064, 0.017783050667993558
1.065, 0.017807998506416838
1.066, 0.01783296180858649
1.067, 0.017857940574502497
1.068, 0.017882934804164873
1.069, 0.01790794449757361
1.07, 0.01793296965472871
1.071, 0.01795801027563017
1.072, 0.017983066360278
1.073, 0.018008137908672187
1.074, 0.01803322492081274
1.075, 0.01805832739669965
1.076, 0.018083445336332937
1.077, 0.018108578739712573
1.078, 0.01813372760683858
1.079, 0.018158891937710944
1.08, 0.01818407173232968
1.081, 0.018209266990694768
1.082, 0.01823447771280623
1.083, 0.018259703898664045
1.084, 0.01828494554826823
1.085, 0.01831020266161877
1.086, 0.018335475238715683
1.087, 0.018360763279558955
1.088, 0.018386066784148593
1.089, 0.018411385752484587
1.09, 0.01843672018456695
1.091, 0.018462070080395673
1.092, 0.01848743543997076
1.093, 0.01851281626329221
1.094, 0.018538212550360027
1.095, 0.018563624301174197
1.096, 0.018589051515734742
1.097, 0.01861449419404164
1.098, 0.01863995233609491
1.099, 0.018665425941894534
1.1, 0.018690915011440528
1.1010000000000002, 0.01871641954473289
1.102, 0.0187419395417716
1.1030000000000002, 0.018767475002556683
1.104, 0.018793025927088126
1.1050000000000002, 0.018818592315365937
1.106, 0.0188441741673901
1.1070000000000002, 0.018869771483160637
1.108, 0.018895384262677534
1.1090000000000002, 0.018921012505940794
1.11, 0.018946656212950413
1.1110000000000002, 0.018972315383706403
1.112, 0.018997990018208746
1.1130000000000002, 0.01902368011645746
1.114, 0.019049385678452532
1.1150000000000002, 0.019075106704193975
1.116, 0.01910084319368177
1.1170000000000002, 0.019126595146915934
1.118, 0.01915236256389646
1.1190000000000002, 0.019178145444623353
1.12, 0.0192039437890966
1.1210000000000002, 0.019229757597316224
1.122, 0.0192555868692822
1.1230000000000002, 0.019281431604994542
1.124, 0.019307291804453244
1.125, 0.01933316746765831
1.1260000000000001, 0.019359058594609742
1.127, 0.019384965185307537
1.1280000000000001, 0.019410887239751692
1.129, 0.019436824757942214
1.1300000000000001, 0.0194627777398791
1.131, 0.01948874618556234
1.1320000000000001, 0.019514730094991953
1.133, 0.019540729468167924
1.1340000000000001, 0.019566744305090263
1.135, 0.019592774605758957
1.1360000000000001, 0.019618820370174025
1.137, 0.019644881598335447
1.1380000000000001, 0.019670958290243235
1.139, 0.019697050445897382
1.1400000000000001, 0.0197231580652979
1.141, 0.019749281148444778
1.1420000000000001, 0.01977541969533802
1.143, 0.019801573705977616
1.1440000000000001, 0.019827743180363587
1.145, 0.019853928118495914
1.1460000000000001, 0.01988012852037461
1.147, 0.019906344385999662
1.1480000000000001, 0.019932575715371083
1.149, 0.019958822508488856
1.1500000000000001, 0.019985084765353007
1.151, 0.020011362485963514
1.1520000000000001, 0.020037655670320384
1.153, 0.020063964318423617
1.1540000000000001, 0.020090288430273218
1.155, 0.02011662800586917
1.1560000000000001, 0.020142983045211497
1.157, 0.02016935354830018
1.1580000000000001, 0.020195739515135234
1.159, 0.020222140945716643
1.1600000000000001, 0.02024855784004442
1.161, 0.020274990198118556
1.1620000000000001, 0.020301438019939062
1.163, 0.02032790130550592
1.1640000000000001, 0.02035438005481915
1.165, 0.02038087426787874
1.1660000000000001, 0.020407383944684696
1.167, 0.02043390908523701
1.1680000000000001, 0.02046044968953569
1.169, 0.02048700575758073
1.1700000000000002, 0.02051357728937214
1.171, 0.020540164284909908
1.1720000000000002, 0.02056676674419404
1.173, 0.020593384667224532
1.1740000000000002, 0.02062001805400139
1.175, 0.02064666690452461
1.1760000000000002, 0.020673331218794198
1.177, 0.02070001099681014
1.1780000000000002, 0.020726706238572454
1.179, 0.020753416944081123
1.1800000000000002, 0.020780143113336164
1.181, 0.02080688474633756
1.1820000000000002, 0.020833641843085324
1.183, 0.02086041440357945
1.1840000000000002, 0.02088720242781994
1.185, 0.020914005915806787
1.1860000000000002, 0.020940824867540005
1.187, 0.02096765928301958
1.1880000000000002, 0.020994509162245524
1.189, 0.021021374505217825
1.1900000000000002, 0.021048255311936492
1.191, 0.021075151582401523
1.1920000000000002, 0.021102063316612914
1.193, 0.02112899051457067
1.1940000000000002, 0.02115593317627479
1.195, 0.021182891301725272
1.1960000000000002, 0.02120986489092212
1.197, 0.021236853943865326
1.1980000000000002, 0.021263858460554896
1.199, 0.02129087844099083
1.2000000000000002, 0.02131791388517313
1.201, 0.021344964793101787
1.2020000000000002, 0.021372031164776817
1.203, 0.0213991130001982
1.2040000000000002, 0.02142621029936595
1.205, 0.02145332306228006
1.2060000000000002, 0.02148045128894054
1.207, 0.021507594979347375
1.2080000000000002, 0.02153475413350058
1.209, 0.021561928751400145
1.2100000000000002, 0.02158911883304607
1.211, 0.02161632437843836
1.2120000000000002, 0.02164354538757702
1.213, 0.021670781860462028
1.2140000000000002, 0.021698033797093418
1.215, 0.021725301197471153
1.2160000000000002, 0.021752584061595262
1.217, 0.02177988238946573
1.2180000000000002, 0.021807196181082567
1.219, 0.021834525436445762
1.2200000000000002, 0.021861870155555317
1.221, 0.02188923033841124
1.2220000000000002, 0.021916605985013528
1.223, 0.021943997095362173
1.2240000000000002, 0.021971403669457185
1.225, 0.021998825707298556
1.2260000000000002, 0.022026263208886294
1.227, 0.02205371617422039
1.2280000000000002, 0.022081184603300857
1.229, 0.02210866849612768
1.2300000000000002, 0.022136167852700873
1.231, 0.02216368267302042
1.2320000000000002, 0.022191212957086343
1.233, 0.022218758704898617
1.2340000000000002, 0.02224631991645726
1.235, 0.022273896591762262
1.2360000000000002, 0.022301488730813633
1.237, 0.02232909633361136
1.2380000000000002, 0.022356719400155455
1.239, 0.02238435793044591
1.2400000000000002, 0.022412011924482732
1.241, 0.022439681382265913
1.2420000000000002, 0.02246736630379546
1.243, 0.022495066689071367
1.2440000000000002, 0.022522782538093644
1.245, 0.02255051385086227
1.2460000000000002, 0.022578260627377274
1.247, 0.02260602286763863
1.2480000000000002, 0.022633800571646358
1.249, 0.022661593739400444
1.2500000000000002, 0.022689402370900898
1.2510000000000001, 0.02271722646614771
1.2520000000000002, 0.022745066025140887
1.2530000000000001, 0.022772921047880423
1.254, 0.022800791534366323
1.2550000000000001, 0.022828677484598593
1.256, 0.022856578898577215
1.2570000000000001, 0.02288449577630221
1.258, 0.022912428117773564
1.2590000000000001, 0.022940375922991287
1.26, 0.022968339191955362
1.2610000000000001, 0.02299631792466581
1.262, 0.023024312121122614
1.2630000000000001, 0.023052321781325782
1.264, 0.023080346905275315
1.2650000000000001, 0.023108387492971214
1.266, 0.023136443544413472
1.2670000000000001, 0.023164515059602098
1.268, 0.02319260203853708
1.2690000000000001, 0.02322070448121843
1.27, 0.02324882238764614
1.2710000000000001, 0.023276955757820218
1.272, 0.02330510459174065
1.2730000000000001, 0.023333268889407455
1.274, 0.023361448650820613
1.2750000000000001, 0.023389643875980144
1.276, 0.023417854564886032
1.2770000000000001, 0.023446080717538287
1.278, 0.023474322333936898
1.2790000000000001, 0.023502579414081883
1.28, 0.02353085195797322
1.2810000000000001, 0.023559139965610928
1.282, 0.023587443436994995
1.2830000000000001, 0.023615762372125426
1.284, 0.023644096771002217
1.2850000000000001, 0.02367244663362538
1.286, 0.023700811959994898
1.2870000000000001, 0.023729192750110782
1.288, 0.023757589003973026
1.2890000000000001, 0.02378600072158164
1.29, 0.02381442790293661
1.2910000000000001, 0.023842870548037947
1.292, 0.02387132865688564
1.2930000000000001, 0.023899802229479707
1.294, 0.023928291265820127
1.2950000000000002, 0.02395679576590692
1.296, 0.023985315729740067
1.2970000000000002, 0.024013851157319584
1.298, 0.02404240204864546
1.2990000000000002, 0.024070968403717703
1.3, 0.024099550222536303
1.3010000000000002, 0.024128147505101272
1.302, 0.0241567602514126
1.3030000000000002, 0.024185388461470295
1.304, 0.024214032135274344
1.3050000000000002, 0.024242691272824766
1.306, 0.024271365874121546
1.3070000000000002, 0.02430005593916469
1.308, 0.0243287614679542
1.3090000000000002, 0.024357482460490073
1.31, 0.0243862189167723
1.3110000000000002, 0.0244149708368009
1.312, 0.02444373822057586
1.3130000000000002, 0.024472521068097185
1.314, 0.024501319379364866
1.3150000000000002, 0.024530133154378922
1.316, 0.02455896239313933
1.3170000000000002, 0.024587807095646105
1.318, 0.02461666726189924
1.3190000000000002, 0.02464554289189875
1.32, 0.024674433985644607
1.3210000000000002, 0.02470334054313684
1.322, 0.024732262564375426
1.3230000000000002, 0.02476120004936038
1.324, 0.024790152998091695
1.3250000000000002, 0.024819121410569377
1.326, 0.024848105286793418
1.3270000000000002, 0.024877104626763825
1.328, 0.024906119430480593
1.3290000000000002, 0.024935149697943727
1.33, 0.024964195429153218
1.3310000000000002, 0.02499325662410908
1.332, 0.025022333282811296
1.3330000000000002, 0.025051425405259883
1.334, 0.02508053299145483
1.3350000000000002, 0.02510965604139614
1.336, 0.02513879455508381
1.3370000000000002, 0.025167948532517852
1.338, 0.025197117973698245
1.3390000000000002, 0.025226302878625012
1.34, 0.025255503247298135
1.3410000000000002, 0.025284719079717626
1.342, 0.025313950375883475
1.3430000000000002, 0.025343197135795692
1.344, 0.02537245935945427
1.3450000000000002, 0.02540173704685921
1.346, 0.02543103019801051
1.3470000000000002, 0.025460338812908184
1.348, 0.02548966289155221
1.3490000000000002, 0.025519002433942603
1.35, 0.025548357440079356
1.3510000000000002, 0.025577727909962482
1.352, 0.025607113843591957
1.3530000000000002, 0.025636515240967807
1.354, 0.025665932102090012
1.3550000000000002, 0.025695364426958585
1.356, 0.025724812215573517
1.3570000000000002, 0.02575427546793482
1.358, 0.025783754184042475
1.3590000000000002, 0.025813248363896504
1.36, 0.025842758007496885
1.3610000000000002, 0.025872283114843637
1.362, 0.02590182368593675
1.3630000000000002, 0.025931379720776228
1.364, 0.025960951219362066
1.3650000000000002, 0.025990538181694268
1.366, 0.02602014060777283
1.3670000000000002, 0.02604975849759776
1.368, 0.02607939185116905
1.3690000000000002, 0.026109040668486707
1.37, 0.02613870494955072
1.3710000000000002, 0.026168384694361103
1.372, 0.026198079902917844
1.3730000000000002, 0.026227790575220955
1.374, 0.02625751671127042
1.3750000000000002, 0.026287258311066257
1.3760000000000001, 0.026317015374608448
1.3770000000000002, 0.026346787901897012
1.3780000000000001, 0.02637657589293193
1.3790000000000002, 0.026406379347713213
1.3800000000000001, 0.02643619826624086
1.381, 0.026466032648514867
1.3820000000000001, 0.026495882494535244
1.383, 0.02652574780430198
1.3840000000000001, 0.026555628577815082
1.385, 0.026585524815074542
1.3860000000000001, 0.026615436516080372
1.387, 0.026645363680832555
1.3880000000000001, 0.026675306309331112
1.389, 0.026705264401576022
1.3900000000000001, 0.026735237957567305
1.391, 0.026765226977304945
1.3920000000000001, 0.02679523146078895
1.393, 0.026825251408019314
1.3940000000000001, 0.02685528681899605
1.395, 0.02688533769371914
1.3960000000000001, 0.0269154040321886
1.397, 0.02694548583440442
1.3980000000000001, 0.026975583100366605
1.399, 0.027005695830075144
1.4000000000000001, 0.02703582402353006
1.401, 0.02706596768073133
1.4020000000000001, 0.027096126801678964
1.403, 0.02712630138637296
1.4040000000000001, 0.027156491434813322
1.405, 0.027186696947000044
1.4060000000000001, 0.027216917922933133
1.407, 0.02724715436261258
1.4080000000000001, 0.0272774062660384
1.409, 0.027307673633210572
1.4100000000000001, 0.027337956464129114
1.411, 0.027368254758794015
1.4120000000000001, 0.027398568517205284
1.413, 0.027428897739362905
1.4140000000000001, 0.027459242425266903
1.415, 0.027489602574917255
1.4160000000000001, 0.027519978188313976
1.417, 0.02755036926545705
1.4180000000000001, 0.027580775806346502
1.419, 0.027611197810982306
1.4200000000000002, 0.027641635279364477
1.421, 0.027672088211493008
1.4220000000000002, 0.027702556607367906
1.423, 0.027733040466989163
1.4240000000000002, 0.027763539790356787
1.425, 0.02779405457747077
1.4260000000000002, 0.02782458482833112
1.427, 0.027855130542937832
1.4280000000000002, 0.027885691721290906
1.429, 0.027916268363390347
1.4300000000000002, 0.027946860469236147
1.431, 0.027977468038828307
1.4320000000000002, 0.028008091072166837
1.433, 0.028038729569251724
1.4340000000000002, 0.02806938353008298
1.435, 0.02810005295466059
1.4360000000000002, 0.028130737842984574
1.437, 0.028161438195054914
1.4380000000000002, 0.02819215401087162
1.439, 0.028222885290434686
1.4400000000000002, 0.02825363203374412
1.441, 0.028284394240799912
1.4420000000000002, 0.02831517191160207
1.443, 0.028345965046150588
1.4440000000000002, 0.028376773644445477
1.445, 0.028407597706486716
1.4460000000000002, 0.02843843723227433
1.447, 0.0284692922218083
1.4480000000000002, 0.02850016267508864
1.449, 0.02853104859211534
1.4500000000000002, 0.0285619499728884
1.451, 0.028592866817407823
1.4520000000000002, 0.028623799125673616
1.453, 0.02865474689768576
1.4540000000000002, 0.02868571013344428
1.455, 0.028716688832949158
1.4560000000000002, 0.028747682996200397
1.457, 0.028778692623197995
1.4580000000000002, 0.028809717713941967
1.459, 0.02884075826843229
1.4600000000000002, 0.028871814286668986
1.461, 0.02890288576865204
1.4620000000000002, 0.02893397271438146
1.463, 0.028965075123857237
1.4640000000000002, 0.02899619299707939
1.465, 0.029027326334047893
1.4660000000000002, 0.029058475134762767
1.467, 0.029089639399223995
1.4680000000000002, 0.029120819127431596
1.469, 0.029152014319385553
1.4700000000000002, 0.02918322497508588
1.471, 0.02921445109453256
1.4720000000000002, 0.029245692677725615
1.473, 0.029276949724665026
1.4740000000000002, 0.029308222235350803
1.475, 0.029339510209782933
1.4760000000000002, 0.02937081364796144
1.477, 0.0294021325498863
1.4780000000000002, 0.029433466915557534
1.479, 0.02946481674497512
1.4800000000000002, 0.029496182038139078
1.481, 0.02952756279504939
1.4820000000000002, 0.02955895901570607
1.483, 0.029590370700109114
1.4840000000000002, 0.029621797848258524
1.485, 0.029653240460154287
1.4860000000000002, 0.02968469853579642
1.487, 0.029716172075184916
1.4880000000000002, 0.029747661078319772
1.489, 0.029779165545200992
1.4900000000000002, 0.02981068547582858
1.491, 0.029842220870202524
1.4920000000000002, 0.029873771728322833
1.493, 0.02990533805018951
1.4940000000000002, 0.029936919835802548
1.495, 0.02996851708516194
1.4960000000000002, 0.030000129798267706
1.497, 0.03003175797511983
1.4980000000000002, 0.030063401615718327
1.499, 0.030095060720063172
1.5000000000000002, 0.03012673528815439
1.5010000000000001, 0.030158425319991966
1.5020000000000002, 0.03019013081557591
1.5030000000000001, 0.03022185177490621
1.5040000000000002, 0.030253588197982878
1.5050000000000001, 0.030285340084805906
1.5060000000000002, 0.0303171074353753
1.5070000000000001, 0.030348890249691056
1.508, 0.03038068852775317
1.5090000000000001, 0.03041250226956166
1.51, 0.030444331475116496
1.5110000000000001, 0.030476176144417708
1.512, 0.030508036277465282
1.5130000000000001, 0.030539911874259217
1.514, 0.03057180293479951
1.5150000000000001, 0.03060370945908617
1.516, 0.030635631447119192
1.5170000000000001, 0.030667568898898583
1.518, 0.03069952181442433
1.5190000000000001, 0.030731490193696448
1.52, 0.03076347403671492
1.5210000000000001, 0.030795473343479762
1.522, 0.030827488113990956
1.5230000000000001, 0.03085951834824853
1.524, 0.03089156404625245
1.5250000000000001, 0.030923625208002747
1.526, 0.0309557018334994
1.5270000000000001, 0.03098779392274242
1.528, 0.031019901475731793
1.5290000000000001, 0.031052024492467543
1.53, 0.031084162972949643
1.5310000000000001, 0.031116316917178116
1.532, 0.03114848632515295
1.5330000000000001, 0.031180671196874146
1.534, 0.0312128715323417
1.5350000000000001, 0.031245087331555624
1.536, 0.03127731859451591
1.5370000000000001, 0.03130956532122256
1.538, 0.031341827511675566
1.5390000000000001, 0.031374105165874945
1.54, 0.03140639828382068
1.5410000000000001, 0.03143870686551278
1.542, 0.031471030910951235
1.5430000000000001, 0.03150337042013607
1.544, 0.03153572539306726
1.5450000000000002, 0.031568095829744805
1.546, 0.03160048173016872
1.5470000000000002, 0.031632883094339
1.548, 0.03166529992225564
1.5490000000000002, 0.03169773221391865
1.55, 0.03173017996932802
1.5510000000000002, 0.03176264318848375
1.552, 0.03179512187138584
1.5530000000000002, 0.0318276160180343
1.554, 0.03186012562842912
1.5550000000000002, 0.0318926507025703
1.556, 0.03192519124045784
1.5570000000000002, 0.03195774724209176
1.558, 0.03199031870747203
1.5590000000000002, 0.03202290563659867
1.56, 0.03205550802947166
1.5610000000000002, 0.03208812588609102
1.562, 0.032120759206456746
1.5630000000000002, 0.03215340799056883
1.564, 0.03218607223842728
1.5650000000000002, 0.0322187519500321
1.566, 0.03225144712538327
1.5670000000000002, 0.03228415776448081
1.568, 0.03231688386732472
1.5690000000000002, 0.03234962543391498
1.57, 0.032382382464251604
1.5710000000000002, 0.0324151549583346
1.572, 0.03244794291616396
1.5730000000000002, 0.032480746337739674
1.574, 0.03251356522306176
1.5750000000000002, 0.0325463995721302
1.576, 0.032579249384945004
1.5770000000000002, 0.03261211466150618
1.578, 0.03264499540181371
1.5790000000000002, 0.03267789160586761
1.58, 0.03271080327366786
1.5810000000000002, 0.032743730405214486
1.582, 0.032776673000507475
1.5830000000000002, 0.032809631059546825
1.584, 0.032842604582332534
1.5850000000000002, 0.03287559356886461
1.586, 0.032908598019143045
1.5870000000000002, 0.03294161793316785
1.588, 0.03297465331093901
1.5890000000000002, 0.03300770415245653
1.59, 0.03304077045772043
1.5910000000000002, 0.033073852226730684
1.592, 0.03310694945948729
1.5930000000000002, 0.033140062155990274
1.594, 0.033173190316239616
1.5950000000000002, 0.03320633394023532
1.596, 0.033239493027977386
1.5970000000000002, 0.03327266757946582
1.598, 0.033305857594700616
1.5990000000000002, 0.03333906307368177
1.6, 0.03337228401640929
1.6010000000000002, 0.03340552042288318
1.602, 0.03343877229310342
1.6030000000000002, 0.03347203962707004
1.604, 0.033505322424783004
1.6050000000000002, 0.033538620686242346
1.606, 0.03357193441144804
1.6070000000000002, 0.0336052636004001
1.608, 0.03363860825309853
1.6090000000000002, 0.033671968369543316
1.61, 0.03370534394973446
1.6110000000000002, 0.033738734993671984
1.612, 0.03377214150135586
1.6130000000000002, 0.0338055634727861
1.614, 0.0338390009079627
1.6150000000000002, 0.033872453806885666
1.616, 0.033905922169555
1.6170000000000002, 0.03393940599597069
1.618, 0.03397290528613274
1.6190000000000002, 0.03400642004004117
1.62, 0.03403995025769595
1.6210000000000002, 0.03407349593909709
1.622, 0.034107057084244594
1.6230000000000002, 0.03414063369313847
1.624, 0.0341742257657787
1.6250000000000002, 0.0342078333021653
1.6260000000000001, 0.03424145630229826
1.6270000000000002, 0.03427509476617758
1.6280000000000001, 0.034308748693803265
1.6290000000000002, 0.03434241808517532
1.6300000000000001, 0.034376102940293723
1.6310000000000002, 0.0344098032591585
1.6320000000000001, 0.03444351904176964
1.6330000000000002, 0.03447725028812715
1.6340000000000001, 0.03451099699823101
1.6350000000000002, 0.03454475917208123
1.6360000000000001, 0.03457853680967782
1.637, 0.03461232991102077
1.6380000000000001, 0.03464613847611009
1.639, 0.03467996250494577
1.6400000000000001, 0.03471380199752782
1.641, 0.03474765695385622
1.6420000000000001, 0.03478152737393099
1.643, 0.03481541325775212
1.6440000000000001, 0.03484931460531962
1.645, 0.03488323141663347
1.6460000000000001, 0.034917163691693696
1.647, 0.03495111143050028
1.6480000000000001, 0.03498507463305323
1.649, 0.03501905329935254
1.6500000000000001, 0.035053047429398215
1.651, 0.035087057023190246
1.6520000000000001, 0.035121082080728644
1.653, 0.03515512260201341
1.6540000000000001, 0.03518917858704454
1.655, 0.035223250035822024
1.6560000000000001, 0.035257336948345874
1.657, 0.03529143932461609
1.6580000000000001, 0.03532555716463267
1.659, 0.0353596904683956
1.6600000000000001, 0.03539383923590491
1.661, 0.035428003467160574
1.6620000000000001, 0.03546218316216261
1.663, 0.035496378320911
1.6640000000000001, 0.03553058894340576
1.665, 0.035564815029646875
1.6660000000000001, 0.03559905657963436
1.667, 0.0356333135933682
1.6680000000000001, 0.03566758607084842
1.669, 0.03570187401207498
1.6700000000000002, 0.03573617741704792
1.671, 0.035770496285767214
1.6720000000000002, 0.03580483061823288
1.673, 0.0358391804144449
1.6740000000000002, 0.03587354567440329
1.675, 0.03590792639810803
1.6760000000000002, 0.03594232258555915
1.677, 0.035976734236756625
1.6780000000000002, 0.03601116135170047
1.679, 0.03604560393039067
1.6800000000000002, 0.03608006197282723
1.681, 0.036114535479010154
1.6820000000000002, 0.03614902444893946
1.683, 0.036183528882615106
1.6840000000000002, 0.03621804878003713
1.685, 0.0362525841412055
1.6860000000000002, 0.036287134966120245
1.687, 0.036321701254781354
1.6880000000000002, 0.03635628300718882
1.689, 0.03639088022334265
1.6900000000000002, 0.03642549290324285
1.691, 0.03646012104688941
1.6920000000000002, 0.036494764654282336
1.693, 0.03652942372542162
1.6940000000000002, 0.036564098260307265
1.695, 0.03659878825893927
1.6960000000000002, 0.036633493721317655
1.697, 0.03666821464744238
1.6980000000000002, 0.03670295103731348
1.699, 0.036737702890930944
1.7000000000000002, 0.03677247020829477
1.701, 0.03680725298940496
1.7020000000000002, 0.03684205123426152
1.703, 0.036876864942864435
1.7040000000000002, 0.03691169411521371
1.705, 0.03694653875130935
1.7060000000000002, 0.036981398851151356
1.707, 0.037016274414739724
1.7080000000000002, 0.03705116544207446
1.709, 0.03708607193315555
1.7100000000000002, 0.037120993887983005
1.711, 0.037155931306556825
1.7120000000000002, 0.03719088418887701
1.713, 0.03722585253494355
1.7140000000000002, 0.037260836344756465
1.715, 0.03729583561831573
1.7160000000000002, 0.03733085035562137
1.717, 0.037365880556673364
1.7180000000000002, 0.03740092622147173
1.719, 0.03743598735001645
1.7200000000000002, 0.03747106394230754
1.721, 0.03750615599834499
1.7220000000000002, 0.03754126351812881
1.723, 0.03757638650165898
1.7240000000000002, 0.03761152494893552
1.725, 0.03764667885995842
1.7260000000000002, 0.037681848234727686
1.727, 0.03771703307324332
1.7280000000000002, 0.03775223337550531
1.729, 0.03778744914151366
1.7300000000000002, 0.03782268037126838
1.731, 0.03785792706476946
1.7320000000000002, 0.03789318922201691
1.733, 0.03792846684301072
1.7340000000000002, 0.03796375992775089
1.735, 0.037999068476237415
1.7360000000000002, 0.03803439248847032
1.737, 0.03806973196444957
1.7380000000000002, 0.0381050869041752
1.739, 0.03814045730764718
1.7400000000000002, 0.03817584317486553
1.741, 0.038211244505830244
1.7420000000000002, 0.03824666130054132
1.743, 0.03828209355899875
1.7440000000000002, 0.03831754128120256
1.745, 0.038353004467152715
1.7460000000000002, 0.03838848311684925
1.747, 0.03842397723029213
1.7480000000000002, 0.038459486807481395
1.749, 0.038495011848417
1.7500000000000002, 0.03853055235309898
1.7510000000000001, 0.03856610832152733
1.7520000000000002, 0.03860167975370203
1.7530000000000001, 0.038637266649623095
1.7540000000000002, 0.03867286900929053
1.7550000000000001, 0.03870848683270432
1.7560000000000002, 0.038744120119864486
1.7570000000000001, 0.038779768870771
1.7580000000000002, 0.038815433085423894
1.7590000000000001, 0.03885111276382313
1.7600000000000002, 0.03888680790596875
1.7610000000000001, 0.03892251851186072
1.7620000000000002, 0.03895824458149905
1.7630000000000001, 0.03899398611488375
1.7640000000000002, 0.03902974311201481
1.7650000000000001, 0.039065515572892236
1.766, 0.03910130349751602
1.7670000000000001, 0.039137106885886175
1.768, 0.039172925738002684
1.7690000000000001, 0.03920876005386557
1.77, 0.0392446098334748
1.7710000000000001, 0.03928047507683041
1.772, 0.039316355783932375
1.7730000000000001, 0.039352251954780704
1.774, 0.03938816358937539
1.7750000000000001, 0.039424090687716455
1.776, 0.039460033249803864
1.7770000000000001, 0.03949599127563765
1.778, 0.039531964765217795
1.7790000000000001, 0.0395679537185443
1.78, 0.03960395813561717
1.7810000000000001, 0.03963997801643641
1.782, 0.039676013361002
1.7830000000000001, 0.03971206416931397
1.784, 0.039748130441372286
1.7850000000000001, 0.039784212177176974
1.786, 0.03982030937672802
1.7870000000000001, 0.03985642204002544
1.788, 0.039892550167069205
1.7890000000000001, 0.03992869375785935
1.79, 0.03996485281239585
1.7910000000000001, 0.040001027330678715
1.792, 0.04003721731270794
1.7930000000000001, 0.04007342275848354
1.794, 0.040109643668005485
1.7950000000000002, 0.0401458800412738
1.796, 0.04018213187828848
1.7970000000000002, 0.04021839917904953
1.798, 0.040254681943556934
1.7990000000000002, 0.0402909801718107
1.8, 0.04032729386381083
1.8010000000000002, 0.04036362301955733
1.802, 0.04039996763905018
1.8030000000000002, 0.04043632772228941
1.804, 0.04047270326927499
1.8050000000000002, 0.040509094280006944
1.806, 0.04054550075448525
1.8070000000000002, 0.040581922692709924
1.808, 0.04061836009468096
1.8090000000000002, 0.04065481296039836
1.81, 0.040691281289862116
1.8110000000000002, 0.04072776508307225
1.812, 0.040764264340028736
1.8130000000000002, 0.04080077906073159
1.814, 0.0408373092451808
1.8150000000000002, 0.04087385489337638
1.816, 0.04091041600531832
1.8170000000000002, 0.040946992581006626
1.818, 0.04098358462044129
1.8190000000000002, 0.041020192123622325
1.82, 0.04105681509054971
1.8210000000000002, 0.04109345352122347
1.822, 0.04113010741564359
1.8230000000000002, 0.041166776773810074
1.824, 0.04120346159572291
1.8250000000000002, 0.04124016188138213
1.826, 0.041276877630787696
1.8270000000000002, 0.041313608843939635
1.828, 0.04135035552083793
1.8290000000000002, 0.04138711766148259
1.83, 0.04142389526587362
1.8310000000000002, 0.041460688334011
1.832, 0.04149749686589475
1.8330000000000002, 0.041534320861524865
1.834, 0.04157116032090134
1.8350000000000002, 0.04160801524402418
1.836, 0.04164488563089338
1.8370000000000002, 0.04168177148150895
1.838, 0.041718672795870874
1.8390000000000002, 0.041755589573979165
1.84, 0.041792521815833816
1.8410000000000002, 0.04182946952143484
1.842, 0.04186643269078222
1.8430000000000002, 0.04190341132387597
1.844, 0.04194040542071606
1.8450000000000002, 0.041977414981302544
1.846, 0.04201444000563537
1.8470000000000002, 0.04205148049371457
1.848, 0.04208853644554012
1.8490000000000002, 0.042125607861112045
1.85, 0.04216269474043033
1.8510000000000002, 0.04219979708349498
1.852, 0.04223691489030599
1.8530000000000002, 0.042274048160863366
1.854, 0.0423111968951671
1.8550000000000002, 0.0423483610932172
1.856, 0.04238554075501366
1.8570000000000002, 0.04242273588055649
1.858, 0.042459946469845675
1.8590000000000002, 0.04249717252288123
1.86, 0.04253441403966315
1.8610000000000002, 0.04257167102019143
1.862, 0.042608943464466066
1.8630000000000002, 0.042646231372487076
1.864, 0.04268353474425444
1.8650000000000002, 0.042720853579768174
1.866, 0.04275818787902826
1.8670000000000002, 0.042795537642034726
1.868, 0.04283290286878754
1.8690000000000002, 0.04287028355928672
1.87, 0.042907679713532265
1.8710000000000002, 0.04294509133152418
1.872, 0.04298251841326245
1.8730000000000002, 0.04301996095874709
1.874, 0.04305741896797809
1.8750000000000002, 0.04309489244095545
1.8760000000000001, 0.04313238137767916
1.8770000000000002, 0.04316988577814926
1.8780000000000001, 0.04320740564236571
1.8790000000000002, 0.04324494097032852
1.8800000000000001, 0.043282491762037696
1.8810000000000002, 0.04332005801749324
1.8820000000000001, 0.04335763973669514
1.8830000000000002, 0.04339523691964341
1.8840000000000001, 0.043432849566338035
1.8850000000000002, 0.04347047767677903
1.8860000000000001, 0.04350812125096638
1.8870000000000002, 0.043545780288900104
1.8880000000000001, 0.04358345479058018
1.8890000000000002, 0.04362114475600663
1.8900000000000001, 0.043658850185179426
1.8910000000000002, 0.0436965710780986
1.8920000000000001, 0.04373430743476414
1.893, 0.04377205925517602
1.8940000000000001, 0.04380982653933429
1.895, 0.04384760928723891
1.8960000000000001, 0.0438854074988899
1.897, 0.04392322117428724
1.8980000000000001, 0.043961050313430956
1.899, 0.04399889491632103
1.9000000000000001, 0.04403675498295747
1.901, 0.04407463051334026
1.9020000000000001, 0.044112521507469436
1.903, 0.04415042796534496
1.9040000000000001, 0.04418834988696685
1.905, 0.0442262872723351
1.9060000000000001, 0.04426424012144972
1.907, 0.044302208434310694
1.9080000000000001, 0.04434019221091804
1.909, 0.04437819145127174
1.9100000000000001, 0.04441620615537181
1.911, 0.04445423632321824
1.9120000000000001, 0.044492281954811044
1.913, 0.044530343050150197
1.9140000000000001, 0.044568419609235715
1.915, 0.0446065116320676
1.9160000000000001, 0.044644619118645854
1.917, 0.04468274206897045
1.9180000000000001, 0.04472088048304144
1.919, 0.04475903436085876
1.9200000000000002, 0.044797203702422475
1.921, 0.044835388507732526
1.9220000000000002, 0.04487358877678896
1.923, 0.04491180450959174
1.9240000000000002, 0.044950035706140895
1.925, 0.044988282366436406
1.9260000000000002, 0.045026544490478285
1.927, 0.04506482207826652
1.9280000000000002, 0.04510311512980113
1.929, 0.045141423645082085
1.9300000000000002, 0.04517974762410942
1.931, 0.045218087066883114
1.9320000000000002, 0.04525644197340317
1.933, 0.04529481234366958
1.9340000000000002, 0.045333198177682374
1.935, 0.04537159947544152
1.9360000000000002, 0.04541001623694703
1.937, 0.04544844846219889
1.9380000000000002, 0.04548689615119713
1.939, 0.04552535930394173
1.9400000000000002, 0.045563837920432684
1.941, 0.04560233200067
1.9420000000000002, 0.0456408415446537
1.943, 0.04567936655238374
1.9440000000000002, 0.04571790702386016
1.945, 0.04575646295908293
1.9460000000000002, 0.04579503435805207
1.947, 0.04583362122076757
1.9480000000000002, 0.04587222354722944
1.949, 0.04591084133743766
1.9500000000000002, 0.04594947459139226
1.951, 0.0459881233090932
1.9520000000000002, 0.046026787490540524
1.953, 0.0460654671357342
1.9540000000000002, 0.04610416224467424
1.955, 0.04614287281736065
1.9560000000000002, 0.04618159885379343
1.957, 0.04622034035397256
1.9580000000000002, 0.046259097317898054
1.959, 0.0462978697455699
1.9600000000000002, 0.04633665763698813
1.961, 0.046375460992152714
1.9620000000000002, 0.04641427981106366
1.963, 0.046453114093720965
1.9640000000000002, 0.04649196384012465
1.965, 0.046530829050274676
1.9660000000000002, 0.046569709724171085
1.967, 0.04660860586181384
1.9680000000000002, 0.046647517463202975
1.969, 0.04668644452833846
1.9700000000000002, 0.04672538705722031
1.971, 0.04676434504984852
1.9720000000000002, 0.0468033185062231
1.973, 0.04684230742634404
1.9740000000000002, 0.04688131181021135
1.975, 0.04692033165782501
1.9760000000000002, 0.04695936696918505
1.977, 0.046998417744291435
1.9780000000000002, 0.047037483983144196
1.979, 0.04707656568574331
1.9800000000000002, 0.04711566285208879
1.981, 0.04715477548218064
1.9820000000000002, 0.04719390357601885
1.983, 0.04723304713360342
1.9840000000000002, 0.047272206154934354
1.985, 0.047311380640011655
1.9860000000000002, 0.047350570588835315
1.987, 0.047389776001405336
1.9880000000000002, 0.04742899687772173
1.989, 0.04746823321778447
1.9900000000000002, 0.04750748502159359
1.991, 0.047546752289149063
1.9920000000000002, 0.047586035020450904
1.993, 0.047625333215499104
1.9940000000000002, 0.04766464687429367
1.995, 0.0477039759968346
1.9960000000000002, 0.04774332058312189
1.997, 0.047782680633155536
1.9980000000000002, 0.04782205614693556
1.999, 0.04786144712446194
2., 0.047900853565734675
2.001, 0.04794027547075378
2.0020000000000002, 0.04797971283951926
2.003, 0.0480191656720311
2.004, 0.04805863396828928
2.005, 0.04809811772829384
2.0060000000000002, 0.04813761695204477
2.007, 0.04817713163954205
2.008, 0.048216661790785695
2.009, 0.0482562074057757
2.0100000000000002, 0.048295768484512086
2.011, 0.048335345026994825
2.012, 0.048374937033223916
2.013, 0.048414544503199375
2.0140000000000002, 0.048454167436921214
2.015, 0.048493805834389406
2.016, 0.04853345969560395
2.017, 0.04857312902056486
2.0180000000000002, 0.048612813809272154
2.019, 0.048652514061725785
2.02, 0.04869222977792579
2.021, 0.04873196095787216
2.022, 0.04877170760156488
2.023, 0.04881146970900399
2.024, 0.04885124728018944
2.025, 0.04889104031512126
2.026, 0.04893084881379944
2.027, 0.04897067277622399
2.028, 0.0490105122023949
2.029, 0.04905036709231217
2.03, 0.04909023744597579
2.031, 0.04913012326338581
2.032, 0.04917002454454217
2.033, 0.049209941289444885
2.034, 0.04924987349809397
2.035, 0.049289821170489426
2.036, 0.04932978430663124
2.037, 0.04936976290651941
2.038, 0.04940975697015395
2.039, 0.04944976649753487
2.04, 0.04948979148866212
2.041, 0.049529831943535746
2.042, 0.049569887862155736
2.043, 0.049609959244522106
2.044, 0.04965004609063482
2.045, 0.0496901484004939
2.046, 0.04973026617409934
2.047, 0.04977039941145115
2.048, 0.04981054811254931
2.049, 0.04985071227739385
2.05, 0.04989089190598475
2.051, 0.04993108699832202
2.052, 0.04997129755440563
2.053, 0.05001152357423562
2.054, 0.05005176505781196
2.055, 0.050092022005134684
2.056, 0.05013229441620375
2.057, 0.05017258229101919
2.058, 0.05021288562958099
2.059, 0.05025320443188916
2.06, 0.05029353869794369
2.061, 0.05033388842774457
2.062, 0.05037425362129182
2.063, 0.050414634278585446
2.064, 0.050455030399625414
2.065, 0.05049544198441176
2.066, 0.050535869032944464
2.067, 0.050576311545223546
2.068, 0.05061676952124897
2.069, 0.05065724296102076
2.07, 0.05069773186453891
2.071, 0.050738236231803444
2.072, 0.050778756062814324
2.073, 0.05081929135757157
2.074, 0.05085984211607517
2.075, 0.05090040833832516
2.076, 0.05094099002432149
2.077, 0.05098158717406419
2.078, 0.05102219978755324
2.079, 0.05106282786478868
2.08, 0.05110347140577047
2.081, 0.05114413041049861
2.082, 0.051184804878973124
2.083, 0.05122549481119401
2.084, 0.05126620020716126
2.085, 0.05130692106687485
2.086, 0.05134765739033481
2.087, 0.05138840917754116
2.088, 0.05142917642849384
2.089, 0.0514699591431929
2.09, 0.051510757321638304
2.091, 0.051551570963830104
2.092, 0.05159240006976824
2.093, 0.05163324463945275
2.094, 0.05167410467288361
2.095, 0.05171498017006086
2.096, 0.051755871130984454
2.097, 0.0517967775556544
2.098, 0.051837699444070726
2.099, 0.051878636796233425
2.1, 0.051919589612142464
2.101, 0.05196055789179788
2.1020000000000003, 0.05200154163519967
2.103, 0.0520425408423478
2.104, 0.0520835555132423
2.105, 0.05212458564788316
2.1060000000000003, 0.052165631246270404
2.107, 0.05220669230840398
2.108, 0.052247768834283934
2.109, 0.05228886082391025
2.1100000000000003, 0.05232996827728294
2.111, 0.05237109119440198
2.112, 0.05241222957526738
2.113, 0.05245338341987914
2.1140000000000003, 0.05249455272823729
2.115, 0.05253573750034178
2.116, 0.05257693773619264
2.117, 0.052618153435789856
2.1180000000000003, 0.052659384599133455
2.119, 0.052700631226223385
2.12, 0.052741893317059696
2.121, 0.05278317087164237
2.1220000000000003, 0.05282446388997142
2.123, 0.052865772372046815
2.124, 0.05290709631786857
2.125, 0.05294843572743669
2.1260000000000003, 0.052989790600751194
2.1270000000000002, 0.053031160937812044
2.128, 0.053072546738619254
2.129, 0.05311394800317283
2.1300000000000003, 0.05315536473147278
2.1310000000000002, 0.05319679692351908
2.132, 0.05323824457931174
2.133, 0.053279707698850765
2.1340000000000003, 0.05332118628213617
2.1350000000000002, 0.053362680329167925
2.136, 0.053404189839946034
2.137, 0.05344571481447052
2.1380000000000003, 0.05348725525274138
2.1390000000000002, 0.05352881115475858
2.14, 0.05357038252052214
2.141, 0.053611969350032075
2.1420000000000003, 0.05365357164328839
2.1430000000000002, 0.053695189400291055
2.144, 0.05373682262104007
2.145, 0.05377847130553545
2.1460000000000004, 0.053820135453777215
2.1470000000000002, 0.05386181506576532
2.148, 0.05390351014149979
2.149, 0.05394522068098062
2.15, 0.05398694668420782
2.1510000000000002, 0.054028688151181406
2.152, 0.05407044508190133
2.153, 0.054112217476367616
2.154, 0.054154005334580264
2.1550000000000002, 0.05419580865653929
2.156, 0.05423762744224467
2.157, 0.05427946169169641
2.158, 0.054321311404894504
2.1590000000000003, 0.05436317658183899
2.16, 0.05440505722252982
2.161, 0.054446953326967015
2.162, 0.05448886489515056
2.1630000000000003, 0.054530791927080505
2.164, 0.054572734422756786
2.165, 0.05461469238217942
2.166, 0.054656665805348434
2.1670000000000003, 0.05469865469226382
2.168, 0.05474065904292555
2.169, 0.05478267885733365
2.17, 0.05482471413548811
2.1710000000000003, 0.054866764877388945
2.172, 0.05490883108303614
2.173, 0.054950912752429686
2.174, 0.0549930098855696
2.1750000000000003, 0.05503512248245589
2.176, 0.05507725054308853
2.177, 0.05511939406746753
2.178, 0.05516155305559289
2.1790000000000003, 0.055203727507464634
2.18, 0.05524591742308272
2.181, 0.05528812280244717
2.182, 0.055330343645557986
2.1830000000000003, 0.05537257995241518
2.184, 0.055414831723018726
2.185, 0.055457098957368625
2.186, 0.0554993816554649
2.1870000000000003, 0.05554167981730755
2.188, 0.05558399344289655
2.189, 0.055626322532231896
2.19, 0.05566866708531362
2.1910000000000003, 0.05571102710214172
2.192, 0.055753402582716174
2.193, 0.05579579352703697
2.194, 0.05583819993510415
2.1950000000000003, 0.055880621806917705
2.196, 0.055923059142477596
2.197, 0.055965511941783855
2.198, 0.05600798020483648
2.1990000000000003, 0.056050463931635486
2.2, 0.05609296312218084
2.201, 0.056135477776472556
2.202, 0.05617800789451063
2.2030000000000003, 0.05622055347629509
2.204, 0.05626311452182589
2.205, 0.056305691031103056
2.206, 0.05634828300412659
2.2070000000000003, 0.0563908904408965
2.208, 0.05643351334141275
2.209, 0.056476151705675375
2.21, 0.05651880553368435
2.2110000000000003, 0.05656147482543972
2.212, 0.05660415958094142
2.213, 0.05664685980018949
2.214, 0.05668957548318393
2.2150000000000003, 0.056732306629924734
2.216, 0.0567750532404119
2.217, 0.056817815314645415
2.218, 0.056860592852625305
2.2190000000000003, 0.05690338585435156
2.22, 0.05694619431982418
2.221, 0.056989018249043163
2.222, 0.0570318576420085
2.2230000000000003, 0.05707471249872022
2.224, 0.05711758281917828
2.225, 0.05716046860338271
2.226, 0.057203369851333494
2.2270000000000003, 0.05724628656303067
2.228, 0.05728921873847419
2.229, 0.057332166377664064
2.23, 0.057375129480600306
2.2310000000000003, 0.05741810804728292
2.232, 0.0574611020777119
2.233, 0.05750411157188722
2.234, 0.05754713652980892
2.2350000000000003, 0.057590176951477
2.236, 0.05763323283689142
2.237, 0.0576763041860522
2.238, 0.057719390998959355
2.2390000000000003, 0.05776249327561288
2.24, 0.057805611016012746
2.241, 0.05784874422015898
2.242, 0.057891892888051584
2.2430000000000003, 0.05793505701969056
2.244, 0.057978236615075895
2.245, 0.058021431674207584
2.246, 0.058064642197085625
2.2470000000000003, 0.05810786818371006
2.248, 0.058151109634080836
2.249, 0.058194366548197984
2.25, 0.058237638926061486
2.2510000000000003, 0.05828092676767137
2.2520000000000002, 0.058324230073027596
2.253, 0.05836754884213019
2.254, 0.058410883074979145
2.2550000000000003, 0.05845423277157448
2.2560000000000002, 0.05849759793191616
2.257, 0.05854097855600421
2.258, 0.058584374643838616
2.2590000000000003, 0.058627786195419404
2.2600000000000002, 0.058671213210746545
2.261, 0.058714655689820025
2.262, 0.05875811363263989
2.2630000000000003, 0.05880158703920614
2.2640000000000002, 0.05884507590951872
2.265, 0.05888858024357767
2.266, 0.05893210004138298
2.2670000000000003, 0.058975635302934676
2.2680000000000002, 0.05901918602823272
2.269, 0.059062752217277116
2.27, 0.059106333870067876
2.2710000000000004, 0.05914993098660502
2.2720000000000002, 0.059193543566888523
2.273, 0.05923717161091838
2.274, 0.05928081511869459
2.2750000000000004, 0.05932447409021719
2.2760000000000002, 0.05936814852548613
2.277, 0.05941183842450144
2.278, 0.0594555437872631
2.279, 0.05949926461377114
2.2800000000000002, 0.05954300090402555
2.281, 0.059586752658026314
2.282, 0.05963051987577343
2.283, 0.05967430255726691
2.2840000000000003, 0.059718100702506785
2.285, 0.05976191431149299
2.286, 0.05980574338422556
2.287, 0.0598495879207045
2.2880000000000003, 0.05989344792092982
2.289, 0.059937323384901486
2.29, 0.059981214312619505
2.291, 0.0600251207040839
2.2920000000000003, 0.06006904255929467
2.293, 0.06011297987825179
2.294, 0.06015693266095526
2.295, 0.0602009009074051
2.2960000000000003, 0.06024488461760133
2.297, 0.06028888379154389
2.298, 0.06033289842923281
2.299, 0.0603769285306681
2.3000000000000003, 0.06042097409584979
