100, 70.66034963099308
101, 69.07958602560637
102, 67.51427940186007
103, 65.96412700281758
104, 64.42883484738283
105, 62.90811739436982
106, 61.40169722249382
107, 59.909304725387244
108, 58.43067782080111
109, 56.96556167320848
110, 55.51370842907437
111, 54.07487696410536
112, 52.6488326418335
113, 51.235347082930346
114, 49.83419794468385
115, 48.445168710105214
116, 47.068048486165964
117, 45.70263181069453
118, 44.348718467490286
119, 43.006113309239105
120, 41.674626087838426
121, 40.35407129176308
122, 39.04426799012408
123, 37.74503968309267
124, 36.4562141583802
125, 35.177623353482055
126, 33.909103223410064
127, 32.65049361365306
128, 31.40163813811948
129, 30.162384061829542
130, 28.932582188136678
131, 27.71208675027019
132, 26.500755307001953
133, 25.298448642250122
134, 24.105030668443327
135, 22.920368333477292
136, 21.744331531104883
137, 20.57679301460862
138, 19.417628313612582
139, 18.26671565389737
140, 17.12393588008944
141, 15.98917238110144
142, 14.862311018207564
143, 13.743240055642374
144, 12.631850093618006
145, 11.528034003659123
146, 10.431686866160064
147, 9.34270591007322
148, 8.260990454641963
149, 7.186441853095374
150, 6.11896343822626
151, 5.05846046977711
152, 4.004840083562634
153, 2.9580112422604827
154, 1.917884687804687
155, 0.8843728953201264
156, -0.14260997146203636
157, -1.1631481033643851
158, -2.177324087552954
159, -3.1852189480088526
160, -4.186912184731028
161, -5.182481811717679
162, -6.172004393771921
163, -7.155555082174743
164, -8.133207649267252
165, -9.105034521981562
166, -10.071106814358739
167, -11.03149435909026
168, -11.986265738117833
169, -12.93548831232522
170, -13.879228250354188
171, -14.817550556575412
172, -15.750519098243881
173, -16.678196631867173
174, -17.600644828813767
175, -18.517924300187737
176, -19.430094620994538
177, -20.337214353622443
178, -21.239341070662256
179, -22.136531377088023
180, -23.028840931819822
181, -23.916324468689126
182, -24.79903581682677
183, -25.677027920492254
184, -26.550352858362693
185, -27.41906186229909
186, -28.283205335606702
187, -29.142832870806025
188, -29.997993266929512
189, -30.84873454635996
190, -31.695103971224164
191, -32.537148059356625
192, -33.37491259984619
193, -34.20844266817911
194, -35.037782640990585
195, -35.86297621043718
196, -36.68406639820175
197, -37.501095569141846
198, -38.314105444592606
199, -39.12313711533469
200, -39.92823105423704
201, -40.729427128584476
202, -41.52676461209931
203, -42.320282196666156
204, -43.11001800376869
205, -43.89600959564669
206, -44.67829398618176
207, -45.456907651519295
208, -46.23188654043461
209, -47.00326608445052
210, -47.77108120771325
211, -48.53536633663399
212, -49.29615540930237
213, -50.05348188467849
214, -50.807378751569644
215, -51.55787853739784
216, -52.30501331676393
217, -53.04881471981376
218, -53.78931394041227
219, -54.52654174413029
220, -55.26052847604959
221, -55.991304068390825
222, -56.71889804796933
223, -57.443339543483404
224, -58.16465729263945
225, -58.88287964911852
226, -59.59803458938835
227, -60.310149719365
228, -61.01925228092815
229, -61.72536915829367
230, -62.42852688424759
231, -63.12875164624464
232, -63.82606929237515
233, -64.52050533720366
234, -65.21208496748244
235, -65.90083304774316
236, -66.58677412577003
237, -67.26993243795694
238, -67.95033191455207
239, -68.62799618479242
240, -69.30294858193115
241, -69.97521214816044
242, -70.64480963943242
243, -71.31176353018068
244, -71.97609601794485
245, -72.63782902790058
246, -73.29698421729721
247, -73.95358297980567
248, -74.60764644977814
249, -75.2591955064224
250, -75.90825077789226
251, -76.55483264529643
252, -77.19896124662775
253, -77.84065648061448
254, -78.47993801049577
255, -79.11682526772289
256, -79.7513374555879
257, -80.3834935527819
258, -81.01331231688388
259, -81.64081228778224
260, -82.26601179103034
261, -82.8889289411376
262, -83.50958164479789
263, -84.12798760405607
264, -84.74416431941475
265, -85.35812909288217
266, -85.96989903096272
267, -86.57949104759135
268, -87.18692186701315
269, -87.79220802660926
270, -88.39536587967035
271, -88.99641159811894
272, -89.59536117518144
273, -90.19223042801126
274, -90.7870350002639
275, -91.3797903646252
276, -91.97051182529366
277, -92.55921452041788
278, -93.14591342449009
279, -93.73062335069669
280, -94.31335895322678
281, -94.89413472953949
282, -95.47296502259104
283, -96.04986402302251
284, -96.62484577130871
285, -97.19792415986979
286, -97.76911293514522
287, -98.33842569963224
288, -98.9058759138884
289, -99.47147689849949
290, -100.03524183601363
291, -100.59718377284192
292, -101.15731562112654
293, -101.71565016057696
294, -102.27220004027475
295, -102.82697778044789
296, -103.37999577421492
297, -103.9312662892998
298, -104.48080146971792
299, -105.02861333743374
300, -105.57471379399097
301, -106.11911462211546
302, -106.66182748729157
303, -107.20286393931248
304, -107.742235413805
305, -108.27995323372917
306, -108.81602861085366
307, -109.3504726472066
308, -109.88329633650345
309, -110.41451056555104
310, -110.94412611562952
311, -111.47215366385171
312, -111.99860378450076
313, -112.52348695034625
314, -113.04681353393963
315, -113.56859380888875
316, -114.08883795111228
317, -114.60755604007434
318, -115.12475805999978
319, -115.64045390107012
320, -116.15465336060106
321, -116.66736614420148
322, -117.17860186691435
323, -117.68837005434014
324, -118.19668014374273
325, -118.70354148513822
326, -119.20896334236721
327, -119.71295489415056
328, -120.21552523512892
329, -120.7166833768866
330, -121.21643824895992
331, -121.71479869983008
332, -122.2117734979013
333, -122.7073713324642
334, -123.20160081464458
335, -123.69447047833816
336, -124.18598878113139
337, -124.67616410520861
338, -125.16500475824556
339, -125.65251897428992
340, -126.1387149146288
341, -126.62360066864355
342, -127.10718425465186
343, -127.5894736207378
344, -128.07047664556967
345, -128.55020113920597
346, -129.0286548438898
347, -129.50584543483154
348, -129.98178052098075
349, -130.45646764578635
350, -130.9299142879466
351, -131.40212786214775
352, -131.8731157197928
353, -132.34288514971934
354, -132.8114433789076
355, -133.27879757317857
356, -133.74495483788186
357, -134.20992221857443
358, -134.67370670168958
359, -135.13631521519648
360, -135.59775462925086
361, -136.0580317568363
362, -136.51715335439712
363, -136.97512612246197
364, -137.43195670625926
365, -137.88765169632416
366, -138.34221762909678
367, -138.7956609875131
368, -139.2479882015868
369, -139.69920564898405
370, -140.1493196555902
371, -140.59833649606867
372, -141.04626239441242
373, -141.49310352448836
374, -141.93886601057383
375, -142.38355592788653
376, -142.82717930310696
377, -143.26974211489414
378, -143.71125029439452
379, -144.15170972574396
380, -144.59112624656336
381, -145.02950564844758
382, -145.466853677448
383, -145.90317603454884
384, -146.33847837613723
385, -146.7727663144672
386, -147.20604541811736
387, -147.63832121244334
388, -148.06959918002354
389, -148.4998847610999
390, -148.9291833540124
391, -149.3575003156285
392, -149.78484096176675
393, -150.21121056761513
394, -150.6366143681441
395, -151.0610575585144
396, -151.48454529447963
397, -151.90708269278386
398, -152.32867483155405
399, -152.74932675068783
400, -153.16904345223622
401, -153.58782990078163
402, -154.005691023811
403, -154.42263171208478
404, -154.83865682000072
405, -155.25377116595348
406, -155.66797953268994
407, -156.08128666765987
408, -156.49369728336237
409, -156.90521605768822
410, -157.31584763425778
411, -157.72559662275512
412, -158.1344675992578
413, -158.5424651065626
414, -158.9495936545078
415, -159.35585772029089
416, -159.76126174878306
417, -160.16581015283958
418, -160.5695073136065
419, -160.9723575808236
420, -161.37436527312423
421, -161.7755346783308
422, -162.17587005374747
423, -162.57537562644893
424, -162.9740555935659
425, -163.37191412256743
426, -163.76895535153957
427, -164.16518338946113
428, -164.5606023164758
429, -164.9552161841616
430, -165.34902901579662
431, -165.74204480662223
432, -166.13426752410282
433, -166.52570110818274
434, -166.9163494715403
435, -167.30621649983863
436, -167.69530605197392
437, -168.08362196032084
438, -168.47116803097464
439, -168.85794804399126
440, -169.2439657536241
441, -169.62922488855847
442, -170.01372915214304
443, -170.3974822226191
444, -170.7804877533468
445, -171.1627493730292
446, -171.54427068593358
447, -171.92505527211046
448, -172.30510668760988
449, -172.6844284646956
450, -173.06302411205675
451, -173.440897115017
452, -173.81805093574187
453, -174.1944890134431
454, -174.57021476458132
455, -174.9452315830663
456, -175.31954284045483
457, -175.6931518861466
458, -176.06606204757819
459, -176.4382766304143
460, -176.80979891873744
461, -177.18063217523564
462, -177.5507796413874
463, -177.9202445376455
464, -178.28903006361833
465, -178.65713939824934
466, -179.02457569999476
467, -179.39134210699908
468, -179.75744173726895
469, -180.12287768884516
470, -180.48765303997266
471, -180.8517708492688
472, -181.21523415589
473, -181.5780459796964
474, -181.94020932141487
475, -182.30172716280043
476, -182.66260246679553
477, -183.02283817768836
478, -183.3824372212689
479, -183.74140250498354
480, -184.09973691808818
481, -184.45744333179965
482, -184.81452459944555
483, -185.17098355661253
484, -185.5268230212931
485, -185.88204579403094
486, -186.23665465806448
487, -186.59065237946936
488, -186.94404170729925
489, -187.29682537372508
490, -187.6490060941731
491, -188.00058656746148
492, -188.3515694759354
493, -188.70195748560081
494, -189.05175324625705
495, -189.40095939162757
496, -189.74957853949022
497, -190.0976132918052
498, -190.44506623484267
499, -190.79193993930832
500, -191.13823696046825
501, -191.48395983827214
502, -191.82911109747565
503, -192.17369324776118
504, -192.51770878385773
505, -192.8611601856594
506, -193.20404991834278
507, -193.5463804324832
508, -193.88815416416986
509, -194.2293735351197
510, -194.57004095279024
511, -194.91015881049145
512, -195.2497294874961
513, -195.58875534914964
514, -195.92723874697847
515, -196.26518201879745
516, -196.6025874888163
517, -196.93945746774503
518, -197.27579425289807
519, -197.61160012829785
520, -197.94687736477704
521, -198.28162822007994
522, -198.61585493896274
523, -198.94955975329324
524, -199.28274488214896
525, -199.61541253191507
526, -199.9475648963806
527, -200.27920415683454
528, -200.61033248216026
529, -200.9409520289297
530, -201.27106494149618
531, -201.60067335208663
532, -201.92977938089274
533, -202.2583851361616
534, -202.58649271428493
535, -202.91410419988807
536, -203.24122166591778
537, -203.56784717372926
538, -203.89398277317244
539, -204.21963050267755
540, -204.54479238933962
541, -204.86947044900245
542, -205.19366668634183
543, -205.51738309494755
544, -205.84062165740545
545, -206.16338434537784
546, -206.4856731196839
547, -206.80748993037884
548, -207.12883671683267
549, -207.4497154078081
550, -207.77012792153764
551, -208.09007616580033
552, -208.40956203799732
553, -208.72858742522715
554, -209.04715420436023
555, -209.36526424211252
556, -209.68291939511866
557, -210.00012151000453
558, -210.31687242345902
559, -210.63317396230508
560, -210.94902794357034
561, -211.26443617455723
562, -211.57940045291184
563, -211.8939225666929
564, -212.20800429443972
565, -212.52164740523966
566, -212.834853658795
567, -213.1476248054892
568, -213.45996258645252
569, -213.7718687336274
570, -214.08334496983247
571, -214.39439300882702
572, -214.70501455537428
573, -215.01521130530404
574, -215.32498494557518
575, -215.63433715433752
576, -215.94326960099275
577, -216.25178394625536
578, -216.55988184221275
579, -216.86756493238488
580, -217.17483485178332
581, -217.48169322697012
582, -217.78814167611557
583, -218.09418180905624
584, -218.39981522735172
585, -218.7050435243415
586, -219.00986828520112
587, -219.31429108699774
588, -219.61831349874544
589, -219.92193708145984
590, -220.2251633882126
591, -220.5279939641849
592, -220.83043034672116
593, -221.13247406538164
594, -221.43412664199514
595, -221.73538959071078
596, -222.0362644180498
597, -222.3367526229567
598, -222.63685569684975
599, -222.9365751236715
600, -223.2359123799386
601, -223.5348689347912
602, -223.83344625004224
603, -224.1316457802256
604, -224.429468972645
605, -224.72691726742127
606, -225.0239920975401
607, -225.32069488889908
608, -225.61702706035427
609, -225.91299002376664
610, -226.2085851840477
611, -226.50381393920537
612, -226.79867768038886
613, -227.0931777919338
614, -227.38731565140608
615, -227.68109262964668
616, -227.9745100908147
617, -228.26756939243108
618, -228.56027188542157
619, -228.85261891415922
620, -229.14461181650688
621, -229.43625192385898
622, -229.7275405611834
623, -230.01847904706247
624, -230.30906869373428
625, -230.59931080713287
626, -230.88920668692907
627, -231.1787576265701
628, -231.46796491331935
629, -231.7568298282958
630, -232.04535364651286
631, -232.3335376369175
632, -232.62138306242832
633, -232.9088911799737
634, -233.1960632405298
635, -233.48290048915803
636, -233.76940416504215
637, -234.05557550152542
638, -234.34141572614698
639, -234.62692606067844
640, -234.9121077211599
641, -235.19696191793565
642, -235.4814898556898
643, -235.7656927334815
644, -236.0495717447797
645, -236.33312807749826
646, -236.61636291403005
647, -236.89927743128112
648, -237.1818728007047
649, -237.46415018833483
650, -237.74611075481977
651, -238.02775565545485
652, -238.30908604021582
653, -238.59010305379098
654, -238.8708078356138
655, -239.15120151989495
656, -239.43128523565423
657, -239.71106010675226
658, -239.99052725192158
659, -240.26968778479815
660, -240.54854281395205
661, -240.8270934429182
662, -241.1053407702269
663, -241.3832858894338
664, -241.66092988915028
665, -241.93827385307293
666, -242.21531886001296
667, -242.4920659839259
668, -242.76851629394054
669, -243.04467085438768
670, -243.32053072482887
671, -243.596096960085
672, -243.87137061026436
673, -244.1463527207908
674, -244.4210443324314
675, -244.6954464813242
676, -244.96956019900563
677, -245.24338651243767
678, -245.51692644403482
679, -245.790181011691
680, -246.06315122880602
681, -246.3358381043123
682, -246.60824264270062
683, -246.88036584404665
684, -247.15220870403633
685, -247.4237722139919
686, -247.69505736089712
687, -247.96606512742278
688, -248.23679649195142
689, -248.50725242860267
690, -248.77743390725766
691, -249.0473418935838
692, -249.31697734905896
693, -249.58634123099574
694, -249.85543449256568
695, -250.12425808282273
696, -250.39281294672733
697, -250.66110002516962
698, -250.929120254993
699, -251.19687456901698
700, -251.46436389606072
701, -251.7315891609653
702, -251.9985512846169
703, -252.26525118396893
704, -252.5316897720645
705, -252.79786795805887
706, -253.0637866472411
707, -253.32944674105627
708, -253.59484913712697
709, -253.85999472927506
710, -254.12488440754302
711, -254.38951905821523
712, -254.65389956383896
713, -254.9180268032457
714, -255.18190165157168
715, -255.44552498027866
716, -255.7088976571745
717, -255.97202054643344
718, -256.23489450861655
719, -256.49752040069177
720, -256.75989907605367
721, -257.0220313845436
722, -257.2839181724693
723, -257.5455602826244
724, -257.80695855430787
725, -258.06811382334325
726, -258.32902692209797
727, -258.58969867950225
728, -258.850129921068
729, -259.11032146890784
730, -259.3702741417532
731, -259.6299887549734
732, -259.8894661205937
733, -260.1487070473136
734, -260.4077123405253
735, -260.6664828023311
736, -260.9250192315618
737, -261.1833224237944
738, -261.44139317136944
739, -261.69923226340893
740, -261.9568404858335
741, -262.2142186213797
742, -262.47136744961733
743, -262.7282877469664
744, -262.984980286714
745, -263.24144583903137
746, -263.4976851709904
747, -263.75369904658015
748, -264.00948822672376
749, -264.26505346929446
750, -264.520395529132
751, -264.77551515805857
752, -265.0304131048954
753, -265.2850901154781
754, -265.53954693267303
755, -265.7937842963927
756, -266.0478029436115
757, -266.30160360838113
758, -266.55518702184645
759, -266.80855391226027
760, -267.0617050049989
761, -267.31464102257723
762, -267.5673626846637
763, -267.81987070809527
764, -268.07216580689214
765, -268.32424869227293
766, -268.5761200726687
767, -268.8277806537377
768, -269.07923113838024
769, -269.33047222675236
770, -269.58150461628077
771, -269.8323290016765
772, -270.0829460749491
773, -270.333356525421
774, -270.58356103974074
775, -270.8335603018975
776, -271.0833549932342
777, -271.3329457924615
778, -271.5823333756713
779, -271.8315184163499
780, -272.08050158539197
781, -272.32928355111324
782, -272.5778649792639
783, -272.82624653304174
784, -273.0744288731054
785, -273.32241265758677
786, -273.57019854210455
787, -273.81778717977636
788, -274.0651792212318
789, -274.3123753146253
790, -274.5593761056479
791, -274.8061822375408
792, -275.0527943511065
793, -275.2992130847223
794, -275.5454390743516
795, -275.79147295355665
796, -276.03731535351017
797, -276.28296690300783
798, -276.52842822847987
799, -276.77369995400284
800, -277.0187827013117
801, -277.26367708981127
802, -277.50838373658803
803, -277.75290325642146
804, -277.9972362617958
805, -278.2413833629114
806, -278.4853451676956
807, -278.7291222818148
808, -278.972715308685
809, -279.2161248494833
810, -279.45935150315876
811, -279.70239586644357
812, -279.94525853386375
813, -280.18794009775036
814, -280.4304411482497
815, -280.6727622733349
816, -280.9149040588158
817, -281.1568670883499
818, -281.3986519434527
819, -281.64025920350866
820, -281.88168944578086
821, -282.12294324542205
822, -282.36402117548437
823, -282.6049238069299
824, -282.8456517086407
825, -283.08620544742877
826, -283.32658558804656
827, -283.56679269319636
828, -283.80682732354046
829, -284.04669003771096
830, -284.28638139231975
831, -284.5259019419679
832, -284.76525223925563
833, -285.0044328347918
834, -285.24344427720337
835, -285.4822871131451
836, -285.720961887309
837, -285.9594691424333
838, -286.19780941931236
839, -286.43598325680557
840, -286.67399119184677
841, -286.9118337594531
842, -287.14951149273463
843, -287.38702492290287
844, -287.62437457928013
845, -287.8615609893083
846, -288.0985846785579
847, -288.33544617073665
848, -288.5721459876987
849, -288.80868464945286
850, -289.0450626741716
851, -289.2812805781997
852, -289.51733887606264
853, -289.7532380804754
854, -289.9889787023506
855, -290.2245612508073
856, -290.45998623317917
857, -290.69525415502295
858, -290.93036552012643
859, -291.16532083051715
860, -291.4001205864704
861, -291.6347652865171
862, -291.86925542745246
863, -292.1035915043434
864, -292.33777401053703
865, -292.5718034376684
866, -292.80568027566846
867, -293.0394050127719
868, -293.272978135525
869, -293.5064001287935
870, -293.7396714757699
871, -293.9727926579819
872, -294.20576415529933
873, -294.4385864459421
874, -294.6712600064878
875, -294.90378531187895
876, -295.1361628354307
877, -295.3683930488382
878, -295.6004764221839
879, -295.83241342394507
880, -296.06420452100093
881, -296.2958501786399
882, -296.5273508605669
883, -296.75870702891075
884, -296.98991914423067
885, -297.22098766552415
886, -297.45191305023343
887, -297.68269575425273
888, -297.9133362319353
889, -298.14383493610023
890, -298.37419231803943
891, -298.60440882752437
892, -298.8344849128131
893, -299.06442102065677
894, -299.2942175963067
895, -299.5238750835208
896, -299.75339392457045
897, -299.9827745602468
898, -300.21201742986796
899, -300.44112297128487
900, -300.67009162088834
901, -300.89892381361534
902, -301.1276199829555
903, -301.3561805609572
904, -301.58460597823466
905, -301.81289666397356
906, -302.0410530459378
907, -302.26907555047546
908, -302.4969646025254
909, -302.72472062562315
910, -302.9523440419073
911, -303.17983527212533
912, -303.4071947356402
913, -303.6344228504359
914, -303.86152003312395
915, -304.08848669894894
916, -304.3153232617949
917, -304.5420301341912
918, -304.768607727318
919, -304.9950564510128
920, -305.2213767137757
921, -305.44756892277564
922, -305.67363348385584
923, -305.89957080153994
924, -306.1253812790372
925, -306.3510653182486
926, -306.57662331977235
927, -306.80205568290955
928, -307.0273628056697
929, -307.25254508477644
930, -307.47760291567283
931, -307.702536692527
932, -307.9273468082378
933, -308.1520336544399
934, -308.3765976215093
935, -308.6010390985689
936, -308.8253584734938
937, -309.04955613291645
938, -309.2736324622322
939, -309.49758784560424
940, -309.7214226659693
941, -309.9451373050425
942, -310.16873214332264
943, -310.3922075600974
944, -310.6155639334485
945, -310.83880164025675
946, -311.0619210562072
947, -311.28492255579386
948, -311.5078065123254
949, -311.7305732979295
950, -311.9532232835582
951, -312.1757568389926
952, -312.3981743328481
953, -312.6204761325789
954, -312.8426626044833
955, -313.06473411370797
956, -313.28669102425357
957, -313.5085336989788
958, -313.73026249960554
959, -313.9518777867235
960, -314.173379919795
961, -314.3947692571596
962, -314.61604615603886
963, -314.8372109725408
964, -315.05826406166466
965, -315.2792057773056
966, -315.500036472259
967, -315.7207564982254
968, -315.9413662058145
969, -316.1618659445503
970, -316.3822560628748
971, -316.6025369081533
972, -316.8227088266783
973, -317.042772163674
974, -317.2627272633007
975, -317.4825744686593
976, -317.70231412179555
977, -317.9219465637043
978, -318.14147213433387
979, -318.3608911725904
980, -318.580204016342
981, -318.79941100242286
982, -319.0185124666379
983, -319.2375087437665
984, -319.45640016756687
985, -319.6751870707802
986, -319.8938697851349
987, -320.1124486413503
988, -320.33092396914117
989, -320.5492960972217
990, -320.76756535330935
991, -320.985732064129
992, -321.2037965554171
993, -321.4217591519253
994, -321.6396201774248
995, -321.85737995470987
996, -322.0750388056024
997, -322.2925970509551
998, -322.5100550106557
999, -322.7274130036312
1000, -322.9446713478509
1001, -323.16183036033084
1002, -323.3788903571375
1003, -323.5958516533915
1004, -323.81271456327124
1005, -324.0294794000171
1006, -324.2461464759346
1007, -324.4627161023985
1008, -324.6791885898564
1009, -324.89556424783245
1010, -325.1118433849308
1011, -325.32802630883975
1012, -325.5441133263345
1013, -325.7601047432819
1014, -325.97600086464274
1015, -326.19180199447675
1016, -326.4075084359448
1017, -326.62312049131333
1018, -326.8386384619575
1019, -327.05406264836483
1020, -327.2693933501385
1021, -327.484630866001
1022, -327.6997754937976
1023, -327.91482753049945
1024, -328.1297872722077
1025, -328.3446550141558
1026, -328.5594310507141
1027, -328.7741156753924
1028, -328.98870918084344
1029, -329.2032118588665
1030, -329.41762400041046
1031, -329.63194589557713
1032, -329.8461778336248
1033, -330.06032010297105
1034, -330.27437299119646
1035, -330.4883367850476
1036, -330.70221177044004
1037, -330.91599823246224
1038, -331.12969645537794
1039, -331.34330672262985
1040, -331.55682931684265
1041, -331.77026451982624
1042, -331.9836126125786
1043, -332.1968738752892
1044, -332.4100485873421
1045, -332.6231370273185
1046, -332.8361394730007
1047, -333.04905620137436
1048, -333.26188748863206
1049, -333.47463361017606
1050, -333.6872948406213
1051, -333.8998714537986
1052, -334.1123637227575
1053, -334.3247719197692
1054, -334.53709631632967
1055, -334.7493371831622
1056, -334.9614947902211
1057, -335.1735694066936
1058, -335.3855613010037
1059, -335.5974707408145
1060, -335.80929799303095
1061, -336.0210433238034
1062, -336.2327069985297
1063, -336.44428928185835
1064, -336.65579043769156
1065, -336.8672107291876
1066, -337.0785504187637
1067, -337.2898097680992
1068, -337.50098903813785
1069, -337.71208848909083
1070, -337.9231083804393
1071, -338.13404897093744
1072, -338.34491051861494
1073, -338.55569328077934
1074, -338.7663975140198
1075, -338.9770234742083
1076, -339.18757141650383
1077, -339.3980415953538
1078, -339.6084342644973
1079, -339.81874967696785
1080, -340.0289880850953
1081, -340.23914974050945
1082, -340.4492348941416
1083, -340.65924379622805
1084, -340.8691766963119
1085, -341.0790338432463
1086, -341.2888154851962
1087, -341.49852186964165
1088, -341.70815324338
1089, -341.91770985252833
1090, -342.127191942526
1091, -342.336599758137
1092, -342.5459335434531
1093, -342.75519354189515
1094, -342.9643799962165
1095, -343.1734931485054
1096, -343.3825332401865
1097, -343.5915005120244
1098, -343.8003952041255
1099, -344.0092175559403
1100, -344.2179678062662
1101, -344.4266461932493
1102, -344.6352529543874
1103, -344.84378832653204
1104, -345.0522525458906
1105, -345.260645848029
1106, -345.4689684678741
1107, -345.67722063971553
1108, -345.8854025972083
1109, -346.09351457337544
1110, -346.3015568006093
1111, -346.509529510675
1112, -346.71743293471167
1113, -346.9252673032355
1114, -347.1330328461413
1115, -347.3407297927053
1116, -347.548358371587
1117, -347.75591881083153
1118, -347.96341133787183
1119, -348.1708361795308
1120, -348.3781935620234
1121, -348.58548371095924
1122, -348.7927068513441
1123, -348.9998632075826
1124, -349.20695300348007
1125, -349.4139764622447
1126, -349.6209338064899
1127, -349.82782525823615
1128, -350.0346510389131
1129, -350.24141136936186
1130, -350.44810646983694
1131, -350.6547365600083
1132, -350.86130185896366
1133, -351.0678025852101
1134, -351.2742389566767
1135, -351.48061119071605
1136, -351.6869195041065
1137, -351.89316411305424
1138, -352.0993452331953
1139, -352.3054630795973
1140, -352.51151786676184
1141, -352.71750980862623
1142, -352.9234391185654
1143, -353.1293060093942
1144, -353.3351106933692
1145, -353.54085338219016
1146, -353.746534287003
1147, -353.95215361840053
1148, -354.15771158642565
1149, -354.36320840057203
1150, -354.56864426978706
1151, -354.77401940247285
1152, -354.97933400648884
1153, -355.1845882891534
1154, -355.3897824572456
1155, -355.59491671700715
1156, -355.79999127414453
1157, -356.00500633383047
1158, -356.20996210070575
1159, -356.41485877888164
1160, -356.61969657194095
1161, -356.8244756829402
1162, -357.0291963144118
1163, -357.2338586683652
1164, -357.438462946289
1165, -357.64300934915275
1166, -357.84749807740883
1167, -358.05192933099386
1168, -358.2563033093311
1169, -358.46062021133116
1170, -358.664880235395
1171, -358.86908357941496
1172, -359.07323044077646
1173, -359.2773210163598
1174, -359.4813555025423
1175, -359.68533409519944
1176, -359.8892569897068
1177, -360.09312438094184
1178, -360.29693646328553
1179, -360.5006934306239
1180, -360.7043954763501
1181, -360.90804279336544
1182, -361.1116355740818
1183, -361.31517401042254
1184, -361.51865829382484
1185, -361.722088615241
1186, -361.9254651651397
1187, -362.12878813350864
1188, -362.33205770985506
1189, -362.53527408320815
1190, -362.73843744212013
1191, -362.94154797466825
1192, -363.14460586845615
1193, -363.34761131061543
1194, -363.5505644878075
1195, -363.7534655862247
1196, -363.95631479159243
1197, -364.1591122891703
1198, -364.3618582637537
1199, -364.56455289967556
1200, -364.76719638080783
1201, -364.9697888905628
1202, -365.17233061189495
1203, -365.37482172730233
1204, -365.577262418828
1205, -365.77965286806165
1206, -365.981993256141
1207, -366.18428376375346
1208, -366.3865245711374
1209, -366.588715858084
1210, -366.79085780393825
1211, -366.9929505876008
1212, -367.19499438752916
1213, -367.39698938173956
1214, -367.59893574780784
1215, -367.80083366287136
1216, -368.0026833036302
1217, -368.2044848463488
1218, -368.4062384668572
1219, -368.60794434055254
1220, -368.8096026424005
1221, -369.0112135469366
1222, -369.2127772282678
1223, -369.4142938600739
1224, -369.61576361560856
1225, -369.81718666770126
1226, -370.01856318875815
1227, -370.219893350764
1228, -370.42117732528277
1229, -370.62241528345993
1230, -370.82360739602314
1231, -371.0247538332838
1232, -371.22585476513837
1233, -371.4269103610701
1234, -371.62792079014963
1235, -371.82888622103695
1236, -372.02980682198245
1237, -372.2306827608283
1238, -372.4315142050099
1239, -372.63230132155695
1240, -372.8330442770949
1241, -373.0337432378463
1242, -373.23439836963195
1243, -373.43500983787226
1244, -373.63557780758873
1245, -373.83610244340485
1246, -374.03658390954774
1247, -374.2370223698491
1248, -374.4374179877469
1249, -374.6377709262862
1250, -374.8380813481205
1251, -375.0383494155134
1252, -375.2385752903392
1253, -375.4387591340847
1254, -375.6389011078502
1255, -375.8390013723506
1256, -376.03906008791694
1257, -376.2390774144974
1258, -376.4390535116584
1259, -376.63898853858626
1260, -376.838882654088
1261, -377.03873601659274
1262, -377.2385487841527
1263, -377.4383211144447
1264, -377.6380531647711
1265, -377.837745092061
1266, -378.0373970528716
1267, -378.2370092033891
1268, -378.43658169943035
1269, -378.63611469644326
1270, -378.8356083495087
1271, -379.0350628133412
1272, -379.2344782422905
1273, -379.433854790342
1274, -379.63319261111894
1275, -379.83249185788225
1276, -380.0317526835331
1277, -380.23097524061285
1278, -380.4301596813048
1279, -380.62930615743505
1280, -380.828414820474
1281, -381.02748582153674
1282, -381.22651931138495
1283, -381.4255154404276
1284, -381.6244743587219
1285, -381.8233962159748
1286, -382.0222811615438
1287, -382.22112934443817
1288, -382.4199409133198
1289, -382.6187160165048
1290, -382.8174548019637
1291, -383.0161574173236
1292, -383.2148240098683
1293, -383.41345472653995
1294, -383.6120497139397
1295, -383.8106091183291
1296, -384.00913308563116
1297, -384.2076217614308
1298, -384.4060752909767
1299, -384.60449381918176
1300, -384.8028774906245
1301, -385.0012264495498
1302, -385.19954083987005
1303, -385.3978208051663
1304, -385.59606648868896
1305, -385.7942780333592
1306, -385.99245558176955
1307, -386.19059927618537
1308, -386.38870925854536
1309, -386.5867856704629
1310, -386.78482865322695
1311, -386.98283834780307
1312, -387.18081489483427
1313, -387.3787584346422
1314, -387.5766691072279
1315, -387.77454705227285
1316, -387.97239240914024
1317, -388.1702053168754
1318, -388.36798591420734
1319, -388.5657343395492
1320, -388.76345073099935
1321, -388.96113522634266
1322, -389.15878796305105
1323, -389.35640907828474
1324, -389.5539987088929
1325, -389.7515569914147
1326, -389.94908406208043
1327, -390.14658005681224
1328, -390.3440451112251
1329, -390.54147936062765
1330, -390.7388829400233
1331, -390.93625598411114
1332, -391.1335986272866
1333, -391.3309110036425
1334, -391.5281932469702
1335, -391.7254454907602
1336, -391.9226678682031
1337, -392.1198605121905
1338, -392.3170235553159
1339, -392.5141571298759
1340, -392.7112613678704
1341, -392.90833640100414
1342, -393.1053823606873
1343, -393.3023993780364
1344, -393.499387583875
1345, -393.69634710873504
1346, -393.89327808285725
1347, -394.0901806361922
1348, -394.28705489840115
1349, -394.48390099885694
1350, -394.6807190666448
1351, -394.8775092305632
1352, -395.0742716191246
1353, -395.2710063605566
1354, -395.4677135828025
1355, -395.66439341352225
1356, -395.8610459800931
1357, -396.0576714096108
1358, -396.2542698288902
1359, -396.450841364466
1360, -396.6473861425937
1361, -396.8439042892505
1362, -397.04039593013584
1363, -397.2368611906727
1364, -397.4333001960077
1365, -397.6297130710126
1366, -397.8260999402847
1367, -398.0224609281477
1368, -398.2187961586529
1369, -398.41510575557913
1370, -398.6113898424345
1371, -398.8076485424565
1372, -399.0038819786133
1373, -399.200090273604
1374, -399.3962735498599
1375, -399.59243192954517
1376, -399.7885655345572
1377, -399.984674486528
1378, -400.18075890682456
1379, -400.3768189165497
1380, -400.5728546365432
1381, -400.7688661873817
1382, -400.96485368938045
1383, -401.16081726259335
1384, -401.3567570268142
1385, -401.55267310157706
1386, -401.7485656061572
1387, -401.9444346595718
1388, -402.1402803805808
1389, -402.3361028876874
1390, -402.5319022991391
1391, -402.7276787329281
1392, -402.9234323067924
1393, -403.1191631382162
1394, -403.314871344431
1395, -403.5105570424157
1396, -403.706220348898
1397, -403.90186138035494
1398, -404.0974802530134
1399, -404.2930770828507
1400, -404.4886519855959
1401, -404.68420507673
1402, -404.8797364714868
1403, -405.07524628485373
1404, -405.27073463157217
1405, -405.4662016261388
1406, -405.6616473828056
1407, -405.85707201558085
1408, -406.05247563823
1409, -406.2478583642762
1410, -406.44322030700084
1411, -406.6385615794443
1412, -406.833882294407
1413, -407.02918256444946
1414, -407.2244625018935
1415, -407.4197222188227
1416, -407.6149618270831
1417, -407.8101814382839
1418, -408.0053811637977
1419, -408.2005611147622
1420, -408.3957214020797
1421, -408.5908621364185
1422, -408.78598342821334
1423, -408.98108538766604
1424, -409.1761681247461
1425, -409.37123174919157
1426, -409.5662763705094
1427, -409.7613020979763
1428, -409.9563090406394
1429, -410.15129730731667
1430, -410.34626700659794
1431, -410.54121824684506
1432, -410.73615113619286
1433, -410.93106578254975
1434, -411.1259622935984
1435, -411.32084077679616
1436, -411.51570133937565
1437, -411.71054408834596
1438, -411.90536913049243
1439, -412.1001765723781
1440, -412.29496652034356
1441, -412.48973908050806
1442, -412.68449435877017
1443, -412.879232460808
1444, -413.0739534920801
1445, -413.26865755782603
1446, -413.4633447630669
1447, -413.658015212606
1448, -413.8526690110296
1449, -414.04730626270697
1450, -414.2419270717917
1451, -414.43653154222187
1452, -414.63111977772064
1453, -414.8256918817972
1454, -415.02024795774673
1455, -415.21478810865165
1456, -415.4093124373818
1457, -415.60382104659516
1458, -415.79831403873845
1459, -415.99279151604753
1460, -416.18725358054814
1461, -416.38170033405663
1462, -416.57613187818015
1463, -416.7705483143176
1464, -416.96494974365976
1465, -417.1593362671905
1466, -417.35370798568664
1467, -417.54806499971903
1468, -417.74240740965274
1469, -417.936735315648
1470, -418.1310488176605
1471, -418.3253480154419
1472, -418.5196330085406
1473, -418.7139038963023
1474, -418.90816077787014
1475, -419.1024037521858
1476, -419.2966329179897
1477, -419.4908483738216
1478, -419.6850502180212
1479, -419.8792385487287
1480, -420.07341346388523
1481, -420.26757506123363
1482, -420.46172343831853
1483, -420.65585869248736
1484, -420.8499809208907
1485, -421.0440902204827
1486, -421.23818668802176
1487, -421.43227042007106
1488, -421.62634151299903
1489, -421.8204000629797
1490, -422.01444616599355
1491, -422.20847991782773
1492, -422.40250141407716
1493, -422.5965107501439
1494, -422.7905080212391
1495, -422.98449332238215
1496, -423.17846674840234
1497, -423.37242839393855
1498, -423.5663783534402
1499, -423.76031672116756
1500, -423.9542435911923
1501, -424.14815905739823
1502, -424.3420632134812
1503, -424.53595615295023
1504, -424.72983796912774
1505, -424.92370875514996
1506, -425.1175686039677
1507, -425.31141760834646
1508, -425.50525586086735
1509, -425.6990834539273
1510, -425.89290047973935
1511, -426.08670703033374
1512, -426.2805031975579
1513, -426.4742890730771
1514, -426.66806474837495
1515, -426.86183031475366
1516, -427.05558586333507
1517, -427.24933148506034
1518, -427.4430672706912
1519, -427.6367933108099
1520, -427.8305096958197
1521, -428.0242165159459
1522, -428.2179138612355
1523, -428.4116018215582
1524, -428.60528048660683
1525, -428.7989499458976
1526, -428.9926102887708
1527, -429.186261604391
1528, -429.3799039817477
1529, -429.5735375096558
1530, -429.7671622767559
1531, -429.96077837151495
1532, -430.1543858822266
1533, -430.34798489701154
1534, -430.54157550381814
1535, -430.7351577904229
1536, -430.92873184443073
1537, -431.12229775327546
1538, -431.31585560422036
1539, -431.50940548435875
1540, -431.70294748061383
1541, -431.89648167973985
1542, -432.09000816832213
1543, -432.28352703277744
1544, -432.4770383593549
1545, -432.6705422341357
1546, -432.86403874303426
1547, -433.0575279717984
1548, -433.2510100060092
1549, -433.4444849310825
1550, -433.6379528322686
1551, -433.8314137946527
1552, -434.02486790315544
1553, -434.2183152425338
1554, -434.41175589738043
1555, -434.60518995212533
1556, -434.7986174910354
1557, -434.992038598215
1558, -435.1854533576068
1559, -435.3788618529916
1560, -435.5722641679891
1561, -435.76566038605836
1562, -435.95905059049807
1563, -436.15243486444683
1564, -436.34581329088394
1565, -436.53918595262945
1566, -436.7325529323446
1567, -436.9259143125326
1568, -437.1192701755386
1569, -437.3126206035501
1570, -437.5059656785978
1571, -437.69930548255553
1572, -437.8926400971409
1573, -438.0859696039155
1574, -438.27929408428554
1575, -438.4726136195021
1576, -438.66592829066144
1577, -438.85923817870565
1578, -439.0525433644228
1579, -439.24584392844736
1580, -439.4391399512608
1581, -439.6324315131918
1582, -439.8257186944166
1583, -440.01900157495936
1584, -440.2122802346928
1585, -440.4055547533384
1586, -440.59882521046654
1587, -440.79209168549755
1588, -440.9853542577013
1589, -441.17861300619825
1590, -441.37186800995937
1591, -441.5651193478065
1592, -441.75836709841343
1593, -441.9516113403052
1594, -442.1448521518592
1595, -442.33808961130535
1596, -442.53132379672667
1597, -442.72455478605923
1598, -442.91778265709274
1599, -443.111007487471
1600, -443.3042293546921
1601, -443.49744833610913
1602, -443.6906645089299
1603, -443.88387795021777
1604, -444.0770887368923
1605, -444.27029694572855
1606, -444.46350265335883
1607, -444.6567059362718
1608, -444.84990687081387
1609, -445.0431055331885
1610, -445.23630199945757
1611, -445.429496345541
1612, -445.62268864721756
1613, -445.81587898012486
1614, -446.0090674197599
1615, -446.20225404147965
1616, -446.39543892050085
1617, -446.5886221319008
1618, -446.7818037506174
1619, -446.9749838514499
1620, -447.1681625090587
1621, -447.36133979796614
1622, -447.5545157925567
1623, -447.74769056707737
1624, -447.94086419563774
1625, -448.1340367522107
1626, -448.3272083106326
1627, -448.5203789446035
1628, -448.7135487276879
1629, -448.9067177333143
1630, -449.09988603477643
1631, -449.29305370523304
1632, -449.48622081770816
1633, -449.679387445092
1634, -449.8725536601407
1635, -450.06571953547666
1636, -450.25888514358945
1637, -450.45205055683545
1638, -450.64521584743875
1639, -450.83838108749103
1640, -451.031546348952
1641, -451.22471170364986
1642, -451.4178772232816
1643, -451.6110429794132
1644, -451.80420904347994
1645, -451.99737548678684
1646, -452.1905423805089
1647, -452.3837097956915
1648, -452.5768778032507
1649, -452.77004647397325
1650, -452.96321587851736
1651, -453.15638608741284
1652, -453.34955717106124
1653, -453.5427291997364
1654, -453.7359022435846
1655, -453.929076372625
1656, -454.12225165674977
1657, -454.3154281657246
1658, -454.5086059691889
1659, -454.701785136656
1660, -454.8949657375138
1661, -455.0881478410245
1662, -455.2813315163256
1663, -455.4745168324296
1664, -455.6677038582245
1665, -455.86089266247444
1666, -456.0540833138193
1667, -456.2472758807758
1668, -456.44047043173714
1669, -456.63366703497354
1670, -456.8268657586326
1671, -457.02006667073965
1672, -457.2132698391977
1673, -457.40647533178816
1674, -457.5996832161708
1675, -457.7928935598842
1676, -457.9861064303461
1677, -458.1793218948535
1678, -458.37254002058313
1679, -458.5657608745916
1680, -458.75898452381557
1681, -458.95221103507265
1682, -459.1454404750608
1683, -459.33867291035926
1684, -459.53190840742866
1685, -459.72514703261106
1686, -459.91838885213076
1687, -460.1116339320939
1688, -460.30488233848934
1689, -460.4981341371887
1690, -460.69138939394645
1691, -460.8846481744005
1692, -461.07791054407255
1693, -461.27117656836754
1694, -461.4644463125752
1695, -461.6577198418694
1696, -461.8509972213087
1697, -462.0442785158366
1698, -462.2375637902818
1699, -462.4308531093586
1700, -462.624146537667
1701, -462.81744413969307
1702, -463.01074597980914
1703, -463.204052122274
1704, -463.3973626312336
1705, -463.5906775707206
1706, -463.78399700465536
1707, -463.97732099684566
1708, -464.17064961098714
1709, -464.3639829106638
1710, -464.557320959348
1711, -464.75066382040046
1712, -464.9440115570714
1713, -465.13736423249986
1714, -465.33072190971427
1715, -465.524084651633
1716, -465.7174525210644
1717, -465.9108255807068
1718, -466.1042038931493
1719, -466.29758752087156
1720, -466.4909765262442
1721, -466.68437097152923
1722, -466.8777709188802
1723, -467.071176430342
1724, -467.2645875678522
1725, -467.45800439323995
1726, -467.65142696822727
1727, -467.844855354429
1728, -468.03828961335273
1729, -468.2317298063993
1730, -468.42517599486337
1731, -468.6186282399329
1732, -468.81208660269016
1733, -469.00555114411156
1734, -469.1990219250679
1735, -469.39249900632484
1736, -469.58598244854284
1737, -469.7794723122777
1738, -469.9729686579806
1739, -470.1664715459984
1740, -470.3599810365738
1741, -470.553497189846
1742, -470.7470200658503
1743, -470.9405497245184
1744, -471.1340862256795
1745, -471.3276296290595
1746, -471.52117999428174
1747, -471.71473738086706
1748, -471.9083018482343
1749, -472.10187345570023
1750, -472.2954522624799
1751, -472.4890383276869
1752, -472.68263171033357
1753, -472.8762324693313
1754, -473.0698406634906
1755, -473.26345635152137
1756, -473.45707959203327
1757, -473.65071044353596
1758, -473.84434896443895
1759, -474.03799521305245
1760, -474.2316492475868
1761, -474.4253111261537
1762, -474.6189809067653
1763, -474.8126586473355
1764, -475.0063444056795
1765, -475.2000382395139
1766, -475.39374020645784
1767, -475.58745036403207
1768, -475.78116876965987
1769, -475.9748954806673
1770, -476.1686305542829
1771, -476.3623740476387
1772, -476.5561260177694
1773, -476.7498865216135
1774, -476.94365561601336
1775, -477.1374333577148
1776, -477.33121980336807
1777, -477.5250150095277
1778, -477.71881903265273
1779, -477.91263192910696
1780, -478.1064537551591
1781, -478.30028456698324
1782, -478.49412442065875
1783, -478.68797337217063
1784, -478.88183147740966
1785, -479.07569879217283
1786, -479.26957537216316
1787, -479.46346127299023
1788, -479.6573565501704
1789, -479.85126125912666
1790, -480.0451754551893
1791, -480.2390991935958
1792, -480.43303252949113
1793, -480.6269755179282
1794, -480.8209282138674
1795, -481.01489067217756
1796, -481.2088629476359
1797, -481.40284509492784
1798, -481.59683716864765
1799, -481.7908392232988
1800, -481.9848513132936
1801, -482.1788734929537
1802, -482.37290581651047
1803, -482.5669483381049
1804, -482.761001111788
1805, -482.9550641915208
1806, -483.1491376311747
1807, -483.3432214845318
1808, -483.5373158052846
1809, -483.73142064703694
1810, -483.92553606330347
1811, -484.11966210751035
1812, -484.31379883299513
1813, -484.50794629300725
1814, -484.70210454070786
1815, -484.8962736291703
1816, -485.0904536113803
1817, -485.28464454023594
1818, -485.47884646854817
1819, -485.67305944904047
1820, -485.8672835343498
1821, -486.0615187770261
1822, -486.2557652295329
1823, -486.4500229442474
1824, -486.64429197346044
1825, -486.83857236937695
1826, -487.0328641841163
1827, -487.22716746971184
1828, -487.4214822781119
1829, -487.6158086611793
1830, -487.81014667069206
1831, -488.00449635834315
1832, -488.19885777574075
1833, -488.39323097440894
1834, -488.58761600578714
1835, -488.78201292123094
1836, -488.97642177201175
1837, -489.1708426093172
1838, -489.3652754842517
1839, -489.5597204478359
1840, -489.7541775510074
1841, -489.9486468446206
1842, -490.1431283794476
1843, -490.337622206177
1844, -490.53212837541565
1845, -490.7266469376875
1846, -490.92117794343494
1847, -491.11572144301795
1848, -491.310277486715
1849, -491.5048461247228
1850, -491.6994274071568
1851, -491.8940213840509
1852, -492.08862810535834
1853, -492.2832476209512
1854, -492.47787998062086
1855, -492.6725252340783
1856, -492.86718343095396
1857, -493.06185462079816
1858, -493.2565388530811
1859, -493.45123617719327
1860, -493.64594664244544
1861, -493.84067029806874
1862, -494.03540719321506
1863, -494.23015737695715
1864, -494.4249208982888
1865, -494.6196978061248
1866, -494.8144881493013
1867, -495.0092919765762
1868, -495.2041093366287
1869, -495.39894027806025
1870, -495.59378484939384
1871, -495.7886430990751
1872, -495.9835150754718
1873, -496.1784008268741
1874, -496.37330040149493
1875, -496.5682138474703
1876, -496.7631412128587
1877, -496.95808254564247
1878, -497.15303789372643
1879, -497.3480073049397
1880, -497.54299082703466
1881, -497.7379885076875
1882, -497.93300039449844
1883, -498.12802653499193
1884, -498.3230669766167
1885, -498.5181217667459
1886, -498.7131909526771
1887, -498.90827458163324
1888, -499.1033727007615
1889, -499.2984853571345
1890, -499.49361259775037
1891, -499.6887544695322
1892, -499.883911019329
1893, -500.0790822939152
1894, -500.2742683399914
1895, -500.4694692041842
1896, -500.6646849330462
1897, -500.85991557305664
1898, -501.05516117062103
1899, -501.25042177207183
1900, -501.44569742366804
1901, -501.6409881715957
1902, -501.83629406196826
1903, -502.03161514082603
1904, -502.226951454137
1905, -502.4223030477968
1906, -502.6176699676287
1907, -502.81305225938377
1908, -503.00844996874133
1909, -503.20386314130883
1910, -503.399291822622
1911, -503.5947360581451
1912, -503.79019589327095
1913, -503.98567137332145
1914, -504.1811625435471
1915, -504.37666944912775
1916, -504.57219213517226
1917, -504.7677306467191
1918, -504.96328502873615
1919, -505.15885532612106
1920, -505.35444158370115
1921, -505.55004384623385
1922, -505.7456621584068
1923, -505.94129656483756
1924, -506.13694711007446
1925, -506.3326138385962
1926, -506.52829679481243
1927, -506.72399602306314
1928, -506.9197115676198
1929, -507.1154434726848
1930, -507.3111917823918
1931, -507.5069565408059
1932, -507.7027377919238
1933, -507.8985355796739
1934, -508.09434994791627
1935, -508.29018094044324
1936, -508.486028600979
1937, -508.6818929731802
1938, -508.8777741006359
1939, -509.0736720268674
1940, -509.269586795329
1941, -509.4655184494078
1942, -509.66146703242373
1943, -509.8574325876298
1944, -510.0534151582124
1945, -510.24941478729113
1946, -510.44543151791925
1947, -510.6414653930836
1948, -510.83751645570464
1949, -511.0335847486371
1950, -511.22967031466953
1951, -511.42577319652463
1952, -511.6218934368595
1953, -511.8180310782658
1954, -512.0141861632695
1955, -512.2103587343317
1956, -512.4065488338479
1957, -512.6027565041489
1958, -512.7989817875007
1959, -512.9952247261043
1960, -513.1914853620962
1961, -513.3877637375482
1962, -513.5840598944683
1963, -513.7803738747998
1964, -513.9767057204222
1965, -514.1730554731507
1966, -514.3694231747372
1967, -514.5658088668692
1968, -514.7622125911714
1969, -514.9586343892046
1970, -515.1550743024662
1971, -515.3515323723908
1972, -515.5480086403497
1973, -515.7445031476515
1974, -515.9410159355416
1975, -516.1375470452032
1976, -516.3340965177565
1977, -516.5306643942597
1978, -516.7272507157085
1979, -516.9238555230365
1980, -517.1204788571151
1981, -517.3171207587542
1982, -517.5137812687013
1983, -517.7104604276428
1984, -517.9071582762035
1985, -518.1038748549463
1986, -518.3006102043732
1987, -518.497364364925
1988, -518.6941373769818
1989, -518.8909292808619
1990, -519.0877401168235
1991, -519.2845699250639
1992, -519.48141874572
1993, -519.6782866188682
1994, -519.8751735845244
1995, -520.0720796826445
1996, -520.2690049531242
1997, -520.4659494357995
1998, -520.6629131704462
1999, -520.8598961967809
2000, -521.0568985544602
2001, -521.2539202830811
2002, -521.4509614221818
2003, -521.6480220112408
2004, -521.8451020896778
2005, -522.0422016968531
2006, -522.2393208720684
2007, -522.4364596545668
2008, -522.6336180835324
2009, -522.8307961980911
2010, -523.02799403731
2011, -523.2252116401984
2012, -523.4224490457068
2013, -523.6197062927283
2014, -523.8169834200975
2015, -524.0142804665916
2016, -524.2115974709297
2017, -524.4089344717737
2018, -524.6062915077276
2019, -524.8036686173383
2020, -525.0010658390954
2021, -525.1984832114313
2022, -525.3959207727212
2023, -525.5933785612835
2024, -525.7908566153803
2025, -525.9883549732162
2026, -526.1858736729396
2027, -526.3834127526424
2028, -526.58097225036
2029, -526.7785522040717
2030, -526.9761526517009
2031, -527.1737736311144
2032, -527.3714151801234
2033, -527.5690773364834
2034, -527.7667601378939
2035, -527.9644636219991
2036, -528.1621878263876
2037, -528.3599327885925
2038, -528.557698546092
2039, -528.7554851363085
2040, -528.9532925966101
2041, -529.1511209643095
2042, -529.3489702766647
2043, -529.5468405708789
2044, -529.7447318841008
2045, -529.9426442534245
2046, -530.1405777158899
2047, -530.3385323084822
2048, -530.5365080681327
2049, -530.7345050317185
2050, -530.9325232360629
2051, -531.1305627179352
2052, -531.3286235140508
2053, -531.5267056610719
2054, -531.7248091956062
2055, -531.9229341542092
2056, -532.121080573382
2057, -532.3192484895729
2058, -532.5174379391772
2059, -532.7156489585368
2060, -532.9138815839408
2061, -533.1121358516257
2062, -533.3104117977748
2063, -533.5087094585192
2064, -533.7070288699372
2065, -533.9053700680549
2066, -534.1037330888457
2067, -534.3021179682314
2068, -534.500524742081
2069, -534.6989534462118
2070, -534.8974041163893
2071, -535.0958767883271
2072, -535.2943714976866
2073, -535.4928882800785
2074, -535.6914271710613
2075, -535.889988206142
2076, -536.0885714207767
2077, -536.2871768503703
2078, -536.485804530276
2079, -536.6844544957968
2080, -536.8831267821838
2081, -537.0818214246382
2082, -537.2805384583098
2083, -537.4792779182982
2084, -537.6780398396521
2085, -537.8768242573701
2086, -538.0756312064002
2087, -538.2744607216403
2088, -538.473312837938
2089, -538.6721875900909
2090, -538.871085012847
2091, -539.0700051409036
2092, -539.2689480089091
2093, -539.4679136514617
2094, -539.6669021031103
2095, -539.8659133983541
2096, -540.064947571643
2097, -540.2640046573777
2098, -540.4630846899095
2099, -540.6621877035409
2100, -540.8613137325249
2101, -541.060462811066
2102, -541.2596349733199
2103, -541.458830253393
2104, -541.6580486853438
2105, -541.8572903031818
2106, -542.0565551408681
2107, -542.2558432323157
2108, -542.4551546113887
2109, -542.6544893119037
2110, -542.853847367629
2111, -543.0532288122846
2112, -543.252633679543
2113, -543.4520620030287
2114, -543.6515138163182
2115, -543.8509891529411
2116, -544.0504880463786
2117, -544.250010530065
2118, -544.4495566373871
2119, -544.6491264016843
2120, -544.8487198562489
2121, -545.0483370343261
2122, -545.247977969114
2123, -545.447642693764
2124, -545.6473312413806
2125, -545.8470436450212
2126, -546.046779937697
2127, -546.2465401523725
2128, -546.4463243219656
2129, -546.6461324793478
2130, -546.8459646573444
2131, -547.0458208887345
2132, -547.2457012062509
2133, -547.4456056425806
2134, -547.6455342303643
2135, -547.8454870021972
2136, -548.0454639906284
2137, -548.2454652281615
2138, -548.4454907472543
2139, -548.6455405803192
2140, -548.8456147597233
2141, -549.0457133177879
2142, -549.2458362867893
2143, -549.4459836989588
2144, -549.6461555864822
2145, -549.8463519815004
2146, -550.0465729161097
2147, -550.2468184223609
2148, -550.4470885322605
2149, -550.6473832777704
2150, -550.8477026908072
2151, -551.0480468032438
2152, -551.2484156469081
2153, -551.4488092535842
2154, -551.6492276550111
2155, -551.8496708828845
2156, -552.0501389688553
2157, -552.2506319445308
2158, -552.4511498414739
2159, -552.6516926912042
2160, -552.852260525197
2161, -553.0528533748843
2162, -553.2534712716542
2163, -553.4541142468515
2164, -553.6547823317771
2165, -553.855475557689
2166, -554.0561939558017
2167, -554.2569375572864
2168, -554.4577063932713
2169, -554.6585004948413
2170, -554.8593198930388
2171, -555.0601646188627
2172, -555.2610347032694
2173, -555.4619301771727
2174, -555.6628510714431
2175, -555.8637974169095
2176, -556.0647692443574
2177, -556.2657665845301
2178, -556.4667894681289
2179, -556.6678379258124
2180, -556.8689119881973
2181, -557.0700116858579
2182, -557.2711370493266
2183, -557.472288109094
2184, -557.6734648956085
2185, -557.8746674392768
2186, -558.075895770464
2187, -558.2771499194931
2188, -558.4784299166463
2189, -558.6797357921635
2190, -558.8810675762434
2191, -559.0824252990437
2192, -559.2838089906804
2193, -559.4852186812285
2194, -559.6866544007219
2195, -559.888116179153
2196, -560.0896040464738
2197, -560.2911180325951
2198, -560.492658167387
2199, -560.6942244806788
2200, -560.8958170022589
2201, -561.0974357618753
2202, -561.2990807892355
2203, -561.5007521140064
2204, -561.7024497658147
2205, -561.9041737742465
2206, -562.1059241688478
2207, -562.3077009791245
2208, -562.5095042345424
2209, -562.7113339645271
2210, -562.9131901984645
2211, -563.1150729657002
2212, -563.3169822955406
2213, -563.5189182172518
2214, -563.7208807600605
2215, -563.922869953154
2216, -564.1248858256795
2217, -564.3269284067453
2218, -564.5289977254201
2219, -564.7310938107335
2220, -564.9332166916753
2221, -565.1353663971967
2222, -565.3375429562095
2223, -565.5397463975869
2224, -565.7419767501625
2225, -565.9442340427315
2226, -566.14651830405
2227, -566.3488295628356
2228, -566.551167847767
2229, -566.7535331874845
2230, -566.9559256105898
2231, -567.158345145646
2232, -567.3607918211778
2233, -567.5632656656717
2234, -567.7657667075762
2235, -567.9682949753008
2236, -568.1708504972177
2237, -568.3734333016605
2238, -568.5760434169254
2239, -568.77868087127
2240, -568.9813456929144
2241, -569.1840379100408
2242, -569.3867575507941
2243, -569.5895046432807
2244, -569.7922792155704
2245, -569.9950812956945
2246, -570.1979109116477
2247, -570.4007680913868
2248, -570.6036528628315
2249, -570.8065652538642
2250, -571.0095052923301
2251, -571.2124730060373
2252, -571.4154684227567
2253, -571.6184915702227
2254, -571.821542476132
2255, -572.024621168145
2256, -572.2277276738854
2257, -572.4308620209397
2258, -572.6340242368581
2259, -572.8372143491541
2260, -573.0404323853047
2261, -573.2436783727503
2262, -573.446952338895
2263, -573.6502543111068
2264, -573.8535843167169
2265, -574.0569423830209
2266, -574.2603285372775
2267, -574.4637428067101
2268, -574.6671852185057
2269, -574.8706557998153
2270, -575.0741545777541
2271, -575.2776815794016
2272, -575.4812368318012
2273, -575.684820361961
2274, -575.888432196853
2275, -576.0920723634143
2276, -576.2957408885458
2277, -576.4994377991131
2278, -576.703163121947
2279, -576.9069168838421
2280, -577.1106991115582
2281, -577.3145098318199
2282, -577.5183490713168
2283, -577.7222168567029
2284, -577.9261132145978
2285, -578.1300381715855
2286, -578.3339917542158
2287, -578.5379739890031
2288, -578.7419849024275
2289, -578.9460245209339
2290, -579.1500928709328
2291, -579.3541899788002
2292, -579.5583158708773
2293, -579.7624705734712
2294, -579.9666541128543
2295, -580.1708665152646
2296, -580.3751078069062
2297, -580.5793780139484
2298, -580.7836771625269
2299, -580.988005278743
2300, -581.1923623886637
2301, -581.3967485183226
2302, -581.601163693719
2303, -581.8056079408182
2304, -582.0100812855518
2305, -582.214583753818
2306, -582.4191153714808
2307, -582.6236761643709
2308, -582.8282661582849
2309, -583.0328853789866
2310, -583.237533852206
2311, -583.4422116036395
2312, -583.6469186589503
2313, -583.8516550437686
2314, -584.0564207836907
2315, -584.2612159042806
2316, -584.4660404310681
2317, -584.670894389551
2318, -584.8757778051935
2319, -585.080690703427
2320, -585.2856331096498
2321, -585.4906050492278
2322, -585.6956065474938
2323, -585.9006376297477
2324, -586.1056983212575
2325, -586.3107886472575
2326, -586.5159086329504
2327, -586.7210583035059
2328, -586.9262376840613
2329, -587.1314467997217
2330, -587.3366856755597
2331, -587.5419543366157
2332, -587.7472528078979
2333, -587.9525811143823
2334, -588.1579392810127
2335, -588.3633273327009
2336, -588.5687452943271
2337, -588.7741931907385
2338, -588.9796710467518
2339, -589.1851788871508
2340, -589.390716736688
2341, -589.5962846200839
2342, -589.8018825620276
2343, -590.0075105871765
2344, -590.2131687201563
2345, -590.4188569855614
2346, -590.6245754079545
2347, -590.8303240118671
2348, -591.0361028217993
2349, -591.2419118622198
2350, -591.4477511575662
2351, -591.6536207322448
2352, -591.859520610631
2353, -592.0654508170685
2354, -592.2714113758709
2355, -592.4774023113199
2356, -592.6834236476668
2357, -592.889475409132
2358, -593.0955576199052
2359, -593.3016703041447
2360, -593.5078134859788
2361, -593.7139871895047
2362, -593.9201914387891
2363, -594.1264262578682
2364, -594.3326916707479
2365, -594.5389877014029
2366, -594.7453143737786
2367, -594.9516717117889
2368, -595.1580597393183
2369, -595.3644784802206
2370, -595.5709279583193
2371, -595.7774081974082
2372, -595.9839192212507
2373, -596.1904610535801
2374, -596.3970337180997
2375, -596.603637238483
2376, -596.8102716383736
2377, -597.0169369413852
2378, -597.2236331711017
2379, -597.4303603510773
2380, -597.6371185048364
2381, -597.8439076558737
2382, -598.0507278276546
2383, -598.2575790436147
2384, -598.46446132716
2385, -598.6713747016676
2386, -598.8783191904845
2387, -599.0852948169288
2388, -599.2923016042892
2389, -599.499339575825
2390, -599.7064087547667
2391, -599.913509164315
2392, -600.1206408276421
2393, -600.3278037678908
2394, -600.5349980081752
2395, -600.74222357158
2396, -600.9494804811612
2397, -601.1567687599463
2398, -601.3640884309334
2399, -601.5714395170921
2400, -601.7788220413634
2401, -601.9862360266594
2402, -602.1936814958636
2403, -602.4011584718312
2404, -602.6086669773887
2405, -602.8162070353337
2406, -603.0237786684363
2407, -603.2313818994373
2408, -603.4390167510498
2409, -603.6466832459582
2410, -603.8543814068188
2411, -604.0621112562598
2412, -604.2698728168809
2413, -604.4776661112544
2414, -604.6854911619239
2415, -604.893347991405
2416, -605.1012366221858
2417, -605.309157076726
2418, -605.5171093774577
2419, -605.7250935467853
2420, -605.933109607085
2421, -606.1411575807056
2422, -606.349237489968
2423, -606.5573493571657
2424, -606.7654932045643
2425, -606.9736690544023
2426, -607.1818769288902
2427, -607.3901168502114
2428, -607.5983888405216
2429, -607.8066929219492
2430, -608.0150291165955
2431, -608.2233974465345
2432, -608.4317979338125
2433, -608.6402306004491
2434, -608.8486954684366
2435, -609.0571925597403
2436, -609.2657218962981
2437, -609.4742835000213
2438, -609.6828773927941
2439, -609.8915035964735
2440, -610.1001621328901
2441, -610.3088530238474
2442, -610.5175762911218
2443, -610.7263319564637
2444, -610.9351200415963
2445, -611.1439405682161
2446, -611.352793557993
2447, -611.5616790325706
2448, -611.770597013566
2449, -611.9795475225691
2450, -612.1885305811443
2451, -612.397546210829
2452, -612.6065944331344
2453, -612.8156752695456
2454, -613.024788741521
2455, -613.233934870493
2456, -613.443113677868
2457, -613.6523251850261
2458, -613.861569413321
2459, -614.0708463840808
2460, -614.2801561186075
2461, -614.4894986381769
2462, -614.698873964039
2463, -614.9082821174179
2464, -615.117723119512
2465, -615.3271969914936
2466, -615.5367037545095
2467, -615.7462434296807
2468, -615.9558160381024
2469, -616.1654216008444
2470, -616.3750601389506
2471, -616.5847316734397
2472, -616.7944362253046
2473, -617.0041738155127
2474, -617.2139444650063
2475, -617.4237481947022
2476, -617.6335850254915
2477, -617.8434549782403
2478, -618.0533580737894
2479, -618.2632943329545
2480, -618.4732637765259
2481, -618.6832664252688
2482, -618.8933022999232
2483, -619.1033714212044
2484, -619.3134738098024
2485, -619.5236094863822
2486, -619.7337784715837
2487, -619.9439807860225
2488, -620.1542164502888
2489, -620.3644854849481
2490, -620.5747879105409
2491, -620.7851237475836
2492, -620.9954930165675
2493, -621.2058957379588
2494, -621.4163319321999
2495, -621.6268016197082
2496, -621.8373048208764
2497, -622.0478415560729
2498, -622.2584118456418
2499, -622.4690157099024
2500, -622.6796531691498
