200, -16.003200710205494
201, -16.484023565168474
202, -16.963155832600098
203, -17.440612729148597
204, -17.91640925335878
205, -18.39056018993339
206, -18.863080113888977
207, -19.33398339461079
208, -19.803284199807344
209, -20.27099649937046
210, -20.737134069141423
211, -21.201710494586827
212, -21.66473917438687
213, -22.126233323937868
214, -22.586205978771886
215, -23.044669997896865
216, -23.501638067057
217, -23.957122701918326
218, -24.411136251179716
219, -24.86369089961272
220, -25.314798671030605
221, -25.764471431190714
222, -26.21272089062942
223, -26.659558607434292
224, -27.10499598995246
225, -27.54904429943993
226, -27.991714652648927
227, -28.433018024361367
228, -28.872965249863302
229, -29.311567027366358
230, -29.748833920375393
231, -30.184776360005493
232, -30.61940464724777
233, -31.05272895518586
234, -31.484759331166362
235, -31.91550569892047
236, -32.344977860642906
237, -32.77318549902459
238, -33.20013817924314
239, -33.62584535091188
240, -34.05031634998757
241, -34.473560400638306
242, -34.89558661707307
243, -35.31640400533244
244, -35.736021465043905
245, -36.15444779114015
246, -36.57169167554199
247, -36.98776170880925
248, -37.40266638175406
249, -37.81641408702709
250, -38.229013120667105
251, -38.640471683621925
252, -39.05079788323981
253, -39.459999734728854
254, -39.86808516258967
255, -40.27506200201931
256, -40.68093800028714
257, -41.08572081808499
258, -41.489418030850096
259, -41.89203713006282
260, -42.293585524519656
261, -42.694070541581745
262, -43.09349942839897
263, -43.49187935311185
264, -43.889217406029424
265, -44.28552060078588
266, -44.680795875474885
267, -45.07505009376329
268, -45.468290045983466
269, -45.860522450205124
270, -46.25175395328847
271, -46.64199113191724
272, -47.031240493611676
273, -47.419508477725685
274, -47.80680145642297
275, -48.19312573563722
276, -48.57848755601435
277, -48.962893093838524
278, -49.346348461939364
279, -49.72885971058584
280, -50.11043282836264
281, -50.49107374303071
282, -50.87078832237413
283, -51.249582375029604
284, -51.62746165130473
285, -52.00443184397864
286, -52.38049858909077
287, -52.75566746671552
288, -53.12994400172298
289, -53.50333366452734
290, -53.875841871822026
291, -54.24747398730202
292, -54.61823532237425
293, -54.98813113685681
294, -55.35716663966347
295, -55.72534698948061
296, -56.092677295429134
297, -56.4591626177186
298, -56.82480796828728
299, -57.18961831143338
300, -57.55359856443662
301, -57.916753598167205
302, -58.27908823768659
303, -58.640607262837875
304, -59.001315408826635
305, -59.36121736679168
306, -59.72031778436781
307, -60.07862126623824
308, -60.43613237467919
309, -60.79285563009451
310, -61.14879551154301
311, -61.50395645725628
312, -61.85834286515001
313, -62.21195909332421
314, -62.56480946055891
315, -62.9168982468002
316, -63.26822969363767
317, -63.618808004778124
318, -63.96863734650734
319, -64.31772184814758
320, -64.6660656025073
321, -65.01367266632435
322, -65.36054706070065
323, -65.70669277153266
324, -66.05211374993351
325, -66.39681391264935
326, -66.74079714246916
327, -67.08406728862929
328, -67.42662816720963
329, -67.76848356152671
330, -68.10963722251904
331, -68.45009286912689
332, -68.78985418866728
333, -69.12892483720225
334, -69.46730843990272
335, -69.8050085914061
336, -70.14202885616979
337, -70.47837276881819
338, -70.81404383448542
339, -71.14904552915232
340, -71.48338129998083
341, -71.81705456563978
342, -72.150068716629
343, -72.4824271155982
344, -72.81413309765972
345, -73.14518997069929
346, -73.47560101567986
347, -73.80536948694285
348, -74.13449861250456
349, -74.4629915943486
350, -74.79085160871325
351, -75.11808180637672
352, -75.44468531293583
353, -75.77066522908368
354, -76.09602463088056
355, -76.42076657002386
356, -76.74489407411184
357, -77.06841014690568
358, -77.3913177685863
359, -77.71361989600919
360, -78.03531946295493
361, -78.35641938037534
362, -78.67692253663904
363, -78.9968317977704
364, -79.31615000768791
365, -79.63487998843758
366, -79.9530245404244
367, -80.2705864426398
368, -80.58756845288652
369, -80.90397330800079
370, -81.21980372407043
371, -81.53506239665201
372, -81.84975200098263
373, -82.16387519219097
374, -82.47743460550494
375, -82.79043285645594
376, -83.1028725410816
377, -83.4147562361248
378, -83.72608649923139
379, -84.03686586914348
380, -84.3470968658919
381, -84.65678199098602
382, -84.96592372759945
383, -85.27452454075615
384, -85.58258687751163
385, -85.890113167133
386, -86.19710582127648
387, -86.50356723416355
388, -86.80949978275308
389, -87.11490582691263
390, -87.41978770958758
391, -87.72414775696734
392, -88.02798827865013
393, -88.33131156780578
394, -88.63411990133582
395, -88.93641554003268
396, -89.23820072873521
397, -89.53947769648455
398, -89.84024865667591
399, -90.14051580720994
400, -90.44028133064178
401, -90.7395473943277
402, -91.03831615057129
403, -91.3365897367668
404, -91.6343702755405
405, -91.93165987489206
406, -92.22846062833173
407, -92.52477461501795
408, -92.82060389989267
409, -93.11595053381423
410, -93.4108165536899
411, -93.70520398260638
412, -93.99911482995806
413, -94.29255109157512
414, -94.58551474984847
415, -94.8780077738551
416, -95.17003211948061
417, -95.46158972953981
418, -95.75268253389814
419, -96.04331244958917
420, -96.33348138093288
421, -96.62319121965061
422, -96.91244384498039
423, -97.20124112378895
424, -97.48958491068522
425, -97.7774770481301
426, -98.06491936654606
427, -98.35191368442482
428, -98.63846180843446
429, -98.92456553352584
430, -99.21022664303594
431, -99.49544690879156
432, -99.78022809121201
433, -100.06457193940908
434, -100.34848019128768
435, -100.63195457364418
436, -100.91499680226389
437, -101.19760858201819
438, -101.47979160695937
439, -101.76154756041515
440, -102.0428781150822
441, -102.32378493311815
442, -102.60426966623352
443, -102.88433395578127
444, -103.16397943284603
445, -103.44320771833357
446, -103.72202042305685
447, -104.00041914782256
448, -104.27840548351794
449, -104.55598101119342
450, -104.83314730214745
451, -105.10990591800926
452, -105.38625841081951
453, -105.66220632311304
454, -105.93775118799688
455, -106.21289452923125
456, -106.48763786130735
457, -106.76198268952422
458, -107.03593051006638
459, -107.309482810079
460, -107.58264106774398
461, -107.85540675235279
462, -108.12778132438166
463, -108.39976623556313
464, -108.67136292895808
465, -108.94257283902773
466, -109.21339739170381
467, -109.48383800445761
468, -109.75389608636988
469, -110.0235730381994
470, -110.29287025244912
471, -110.56178911343468
472, -110.83033099734953
473, -111.09849727233131
474, -111.36628929852584
475, -111.63370842815205
476, -111.90075600556527
477, -112.1674333673205
478, -112.43374184223322
479, -112.6996827514428
480, -112.9652574084733
481, -113.2304671192926
482, -113.49531318237298
483, -113.75979688875069
484, -114.02391952208411
485, -114.28768235871112
486, -114.55108666770775
487, -114.8141337109445
488, -115.07682474314227
489, -115.33916101192835
490, -115.6011437578918
491, -115.86277421463758
492, -116.12405360884182
493, -116.38498316030343
494, -116.64556408199867
495, -116.90579758013344
496, -117.1656848541946
497, -117.42522709700218
498, -117.68442549475981
499, -117.94328122710604
500, -118.20179546716304
501, -118.45996938158729
502, -118.71780413061825
503, -118.9753008681267
504, -119.232460741663
505, -119.4892848925048
506, -119.74577445570397
507, -120.00193056013404
508, -120.257754328535
509, -120.51324687756126
510, -120.76840931782499
511, -121.02324275394244
512, -121.27774828457783
513, -121.53192700248783
514, -121.78577999456532
515, -122.03930834188205
516, -122.29251311973226
517, -122.54539539767543
518, -122.7979562395767
519, -123.05019670365095
520, -123.30211784250218
521, -123.55372070316525
522, -123.80500632714673
523, -124.05597575046431
524, -124.30663000368705
525, -124.5569701119751
526, -124.80699709511796
527, -125.05671196757392
528, -125.30611573850804
529, -125.55520941183082
530, -125.80399398623452
531, -126.05247045523188
532, -126.30063980719228
533, -126.54850302537875
534, -126.79606108798407
535, -127.04331496816697
536, -127.29026563408743
537, -127.5369140489425
538, -127.78326117100119
539, -128.0293079536384
540, -128.27505534537082
541, -128.52050428988974
542, -128.7656557260953
543, -129.01051058812982
544, -129.25506980541127
545, -129.49933430266628
546, -129.74330499996182
547, -129.98698281273874
548, -130.2303686518428
549, -130.4734634235574
550, -130.71626802963374
551, -130.95878336732335
552, -131.2010103294079
553, -131.44294980423075
554, -131.68460267572692
555, -131.9259698234529
556, -132.1670521226171
557, -132.4078504441091
558, -132.64836565452893
559, -132.8885986162166
560, -133.1285501872801
561, -133.36822122162508
562, -133.60761256898223
563, -133.8467250749361
564, -134.08555958095204
565, -134.3241169244051
566, -134.5623979386061
567, -134.80040345282978
568, -135.0381342923411
569, -135.27559127842247
570, -135.51277522839965
571, -135.74968695566818
572, -135.98632726971974
573, -136.22269697616758
574, -136.45879687677217
575, -136.69462776946654
576, -136.9301904483816
577, -137.16548570387104
578, -137.4005143225359
579, -137.63527708724897
580, -137.86977477718006
581, -138.104008167819
582, -138.33797803099998
583, -138.5716851349253
584, -138.8051302441893
585, -139.03831411980036
586, -139.27123751920618
587, -139.50390119631484
588, -139.73630590151802
589, -139.9684523817146
590, -140.20034138033193
591, -140.4319736373484
592, -140.66334988931513
593, -140.89447086937912
594, -141.1253373073028
595, -141.35594992948782
596, -141.58630945899432
597, -141.81641661556387
598, -142.04627211563903
599, -142.27587667238527
600, -142.5052309957103
601, -142.73433579228623
602, -142.96319176556872
603, -143.19179961581773
604, -143.42016004011626
605, -143.64827373239214
606, -143.8761413834367
607, -144.1037636809238
608, -144.33114130942982
609, -144.55827495045324
610, -144.7851652824329
611, -145.01181298076722
612, -145.23821871783304
613, -145.46438316300456
614, -145.69030698267085
615, -145.91599084025512
616, -146.1414353962328
617, -146.36664130814907
618, -146.5916092306367
619, -146.81633981543524
620, -147.040833711406
621, -147.2650915645529
622, -147.4891140180364
623, -147.71290171219334
624, -147.93645528455295
625, -148.15977536985315
626, -148.38286260005907
627, -148.60571760437816
628, -148.82834100927772
629, -149.050733438501
630, -149.27289551308291
631, -149.4948278513678
632, -149.716531069024
633, -149.93800577906018
634, -150.1592525918416
635, -150.38027211510558
636, -150.6010649539766
637, -150.821631710983
638, -151.04197298607065
639, -151.26208937661946
640, -151.48198147745862
641, -151.70164988087996
642, -151.92109517665477
643, -152.14031795204806
644, -152.3593187918325
645, -152.57809827830351
646, -152.79665699129356
647, -153.01499550818704
648, -153.2331144039336
649, -153.4510142510634
650, -153.6686956196998
651, -153.88615907757494
652, -154.10340519004177
653, -154.32043452008898
654, -154.53724762835463
655, -154.75384507313848
656, -154.97022741041724
657, -155.18639519385647
658, -155.4023489748243
659, -155.61808930240437
660, -155.83361672340948
661, -156.04893178239405
662, -156.26403502166636
663, -156.47892698130278
664, -156.69360819915897
665, -156.90807921088344
666, -157.12234054993002
667, -157.33639274756902
668, -157.55023633290125
669, -157.76387183286903
670, -157.97729977226868
671, -158.19052067376302
672, -158.40353505789227
673, -158.61634344308723
674, -158.8289463456797
675, -159.04134427991522
676, -159.25353775796444
677, -159.46552728993424
678, -159.67731338387972
679, -159.8888965458155
680, -160.1002772797263
681, -160.31145608757902
682, -160.52243346933415
683, -160.73320992295513
684, -160.9437859444212
685, -161.1541620277374
686, -161.3643386649453
687, -161.57431634613445
688, -161.78409555945245
689, -161.99367679111506
690, -162.20306052541838
691, -162.41224724474773
692, -162.6212374295883
693, -162.83003155853686
694, -163.03863010830946
695, -163.2470335537539
696, -163.45524236785914
697, -163.66325702176442
698, -163.87107798477064
699, -164.07870572434922
700, -164.28614070615177
701, -164.49338339402175
702, -164.7004342500013
703, -164.90729373434306
704, -165.11396230551878
705, -165.3204404202291
706, -165.52672853341278
707, -165.73282709825645
708, -165.93873656620332
709, -166.1444573869631
710, -166.34999000852045
711, -166.5553348771444
712, -166.760492437398
713, -166.96546313214654
714, -167.17024740256647
715, -167.3748456881549
716, -167.57925842673777
717, -167.78348605447906
718, -167.98752900588912
719, -168.19138771383382
720, -168.3950626095424
721, -168.59855412261663
722, -168.8018626810389
723, -169.00498871118089
724, -169.20793263781184
725, -169.41069488410676
726, -169.6132758716548
727, -169.81567602046727
728, -170.01789574898612
729, -170.2199354740914
730, -170.42179561110947
731, -170.62347657382247
732, -170.82497877447327
733, -171.02630262377647
734, -171.22744853092405
735, -171.42841690359387
736, -171.62920814795748
737, -171.82982266868794
738, -172.03026086896722
739, -172.23052315049318
740, -172.43060991348852
741, -172.63052155670698
742, -172.83025847744108
743, -173.02982107153002
744, -173.22920973336613
745, -173.42842485590305
746, -173.62746683066217
747, -173.82633604774097
748, -174.02503289581855
749, -174.22355776216378
750, -174.42191103264287
751, -174.6200930917244
752, -174.81810432248872
753, -175.0159451066328
754, -175.21361582447912
755, -175.41111685498004
756, -175.60844857572715
757, -175.80561136295583
758, -176.00260559155382
759, -176.19943163506633
760, -176.39608986570352
761, -176.59258065434702
762, -176.78890437055617
763, -176.98506138257508
764, -177.1810520573381
765, -177.37687676047722
766, -177.57253585632753
767, -177.7680297079351
768, -177.96335867706117
769, -178.1585231241901
770, -178.35352340853493
771, -178.54835988804308
772, -178.74303291940387
773, -178.93754285805326
774, -179.13189005818032
775, -179.32607487273336
776, -179.5200976534266
777, -179.71395875074464
778, -179.90765851394985
779, -180.1011972910867
780, -180.29457542898967
781, -180.4877932732868
782, -180.68085116840703
783, -180.8737494575858
784, -181.06648848287014
785, -181.25906858512386
786, -181.45149010403543
787, -181.6437533781208
788, -181.83585874473084
789, -182.02780654005625
790, -182.21959709913318
791, -182.41123075584838
792, -182.602707842945
793, -182.79402869202764
794, -182.98519363356854
795, -183.17620299691163
796, -183.3670571102789
797, -183.55775630077542
798, -183.74830089439394
799, -183.93869121602089
800, -184.12892758944173
801, -184.31901033734516
802, -184.50893978132822
803, -184.69871624190318
804, -184.88834003850016
805, -185.07781148947407
806, -185.26713091210823
807, -185.4562986226204
808, -185.64531493616693
809, -185.83418016684823
810, -186.02289462771324
811, -186.21145863076458
812, -186.39987248696326
813, -186.5881365062333
814, -186.77625099746706
815, -186.964216268529
816, -187.15203262626147
817, -187.33970037648865
818, -187.52721982402142
819, -187.71459127266226
820, -187.90181502520915
821, -188.0888913834614
822, -188.27582064822232
823, -188.462603119306
824, -188.64923909553946
825, -188.835728874769
826, -189.02207275386405
827, -189.20827102872113
828, -189.3943239942686
829, -189.58023194447142
830, -189.76599517233404
831, -189.9516139699072
832, -190.13708862828972
833, -190.32241943763407
834, -190.5076066871511
835, -190.6926506651122
836, -190.8775516588558
837, -191.06230995479063
838, -191.24692583839897
839, -191.4313995942428
840, -191.61573150596578
841, -191.7999218562984
842, -191.98397092706233
843, -192.16787899917364
844, -192.35164635264755
845, -192.53527326660134
846, -192.71876001926034
847, -192.9021068879587
848, -193.0853141491472
849, -193.26838207839356
850, -193.45131095038838
851, -193.63410103894913
852, -193.81675261702236
853, -193.99926595668876
854, -194.1816413291674
855, -194.36387900481773
856, -194.54597925314502
857, -194.72794234280354
858, -194.9097685415993
859, -195.09145811649606
860, -195.27301133361613
861, -195.45442845824596
862, -195.6357097548398
863, -195.81685548702185
864, -195.9978659175913
865, -196.17874130852493
866, -196.35948192098118
867, -196.54008801530395
868, -196.7205598510252
869, -196.90089768686926
870, -197.0811017807555
871, -197.26117238980288
872, -197.44110977033262
873, -197.62091417787116
874, -197.80058586715478
875, -197.98012509213237
876, -198.1595321059683
877, -198.33880716104682
878, -198.51795050897377
879, -198.69696240058215
880, -198.87584308593318
881, -199.0545928143208
882, -199.23321183427498
883, -199.411700393564
884, -199.590058739199
885, -199.76828711743588
886, -199.94638577377933
887, -200.12435495298564
888, -200.30219489906585
889, -200.47990585528902
890, -200.65748806418543
891, -200.8349417675493
892, -201.012267206442
893, -201.18946462119575
894, -201.36653425141554
895, -201.5434763359827
896, -201.72029111305875
897, -201.8969788200866
898, -202.07353969379488
899, -202.24997397020093
900, -202.426281884613
901, -202.60246367163342
902, -202.77851956516224
903, -202.95444979839908
904, -203.13025460384657
905, -203.3059342133131
906, -203.48148885791602
907, -203.65691876808378
908, -203.8322241735596
909, -204.00740530340332
910, -204.18246238599545
911, -204.3573956490383
912, -204.53220531956055
913, -204.70689162391878
914, -204.8814547878003
915, -205.05589503622673
916, -205.23021259355565
917, -205.40440768348404
918, -205.57848052905052
919, -205.7524313526384
920, -205.92626037597802
921, -206.09996782014923
922, -206.27355390558506
923, -206.4470188520726
924, -206.62036287875767
925, -206.79358620414556
926, -206.96668904610425
927, -207.13967162186782
928, -207.31253414803746
929, -207.4852768405854
930, -207.65789991485659
931, -207.83040358557173
932, -208.00278806682877
933, -208.17505357210726
934, -208.34720031426883
935, -208.51922850556076
936, -208.69113835761823
937, -208.86293008146654
938, -209.034603887524
939, -209.20615998560393
940, -209.37759858491677
941, -209.54891989407383
942, -209.7201241210874
943, -209.89121147337556
944, -210.06218215776258
945, -210.2330363804827
946, -210.4037743471809
947, -210.5743962629173
948, -210.74490233216753
949, -210.91529275882627
950, -211.08556774620826
951, -211.2557274970517
952, -211.4257722135209
953, -211.59570209720687
954, -211.76551734913087
955, -211.93521816974612
956, -212.10480475893974
957, -212.2742773160365
958, -212.44363603979883
959, -212.61288112843005
960, -212.78201277957692
961, -212.95103119033152
962, -213.11993655723268
963, -213.2887290762691
964, -213.45740894288093
965, -213.62597635196235
966, -213.7944314978628
967, -213.9627745743901
968, -214.13100577481205
969, -214.29912529185827
970, -214.4671333177229
971, -214.63503004406567
972, -214.8028156620153
973, -214.97049036217032
974, -215.1380543346019
975, -215.30550776885485
976, -215.47285085395097
977, -215.64008377839042
978, -215.80720673015344
979, -215.9742198967022
980, -216.14112346498365
981, -216.307917621431
982, -216.4746025519649
983, -216.64117844199714
984, -216.8076454764303
985, -216.97400383966252
986, -217.1402537155859
987, -217.30639528759167
988, -217.47242873857044
989, -217.63835425091406
990, -217.80417200651783
991, -217.96988218678234
992, -218.1354849726152
993, -218.30098054443397
994, -218.46636908216533
995, -218.63165076525001
996, -218.79682577264217
997, -218.96189428281346
998, -219.1268564737523
999, -219.29171252296783
1000, -219.4564626074905
1001, -219.621106903874
1002, -219.78564558819804
1003, -219.95007883606883
1004, -220.11440682262028
1005, -220.27862972251887
1006, -220.44274770996154
1007, -220.60676095867976
1008, -220.77066964194069
1009, -220.93447393254888
1010, -221.09817400284788
1011, -221.26177002472195
1012, -221.4252621695976
1013, -221.5886506084462
1014, -221.7519355117838
1015, -221.91511704967493
1016, -222.07819539173283
1017, -222.24117070712146
1018, -222.40404316455707
1019, -222.56681293231077
1020, -222.72948017820787
1021, -222.8920450696324
1022, -223.05450777352658
1023, -223.21686845639329
1024, -223.3791272842975
1025, -223.54128442286765
1026, -223.70334003729772
1027, -223.86529429234875
1028, -224.02714735234946
1029, -224.18889938119938
1030, -224.35055054236923
1031, -224.5121009989025
1032, -224.67355091341747
1033, -224.8349004481087
1034, -224.99614976474845
1035, -225.1572990246879
1036, -225.31834838885902
1037, -225.47929801777633
1038, -225.6401480715373
1039, -225.80089870982525
1040, -225.96155009190966
1041, -226.122102376649
1042, -226.28255572248992
1043, -226.44291028747148
1044, -226.60316622922443
1045, -226.76332370497408
1046, -226.9233828715408
1047, -227.08334388534178
1048, -227.2432069023927
1049, -227.40297207830872
1050, -227.56263956830645
1051, -227.72220952720468
1052, -227.88168210942627
1053, -228.04105746899978
1054, -228.20033575955955
1055, -228.35951713434912
1056, -228.5186017462206
1057, -228.6775897476378
1058, -228.83648129067643
1059, -228.995276527025
1060, -229.1539756079882
1061, -229.3125786844868
1062, -229.4710859070583
1063, -229.62949742585994
1064, -229.78781339066933
1065, -229.94603395088475
1066, -230.10415925552917
1067, -230.2621894532479
1068, -230.4201246923131
1069, -230.5779651206235
1070, -230.7357108857055
1071, -230.8933621347159
1072, -231.0509190144412
1073, -231.20838167130046
1074, -231.36575025134607
1075, -231.5230249002647
1076, -231.68020576337895
1077, -231.83729298564913
1078, -231.9942867116725
1079, -232.15118708568707
1080, -232.30799425157116
1081, -232.4647083528451
1082, -232.6213295326727
1083, -232.7778579338622
1084, -232.93429369886735
1085, -233.0906369697894
1086, -233.24688788837676
1087, -233.40304659602808
1088, -233.55911323379206
1089, -233.71508794236925
1090, -233.87097086211315
1091, -234.0267621330312
1092, -234.18246189478623
1093, -234.3380702866976
1094, -234.4935874477419
1095, -234.64901351655482
1096, -234.80434863143196
1097, -234.95959293032993
1098, -235.11474655086755
1099, -235.26980963032648
1100, -235.42478230565393
1101, -235.579664713462
1102, -235.7344569900295
1103, -235.88915927130384
1104, -236.04377169290007
1105, -236.19829439010496
1106, -236.35272749787524
1107, -236.50707115084037
1108, -236.6613254833034
1109, -236.81549062924182
1110, -236.9695667223084
1111, -237.12355389583277
1112, -237.27745228282248
1113, -237.43126201596365
1114, -237.58498322762253
1115, -237.738616049846
1116, -237.89216061436346
1117, -238.04561705258675
1118, -238.19898549561253
1119, -238.35226607422175
1120, -238.50545891888274
1121, -238.65856415975009
1122, -238.81158192666732
1123, -238.96451234916663
1124, -239.11735555647147
1125, -239.2701116774956
1126, -239.4227808408462
1127, -239.57536317482322
1128, -239.72785880742072
1129, -239.88026786632923
1130, -240.03259047893485
1131, -240.18482677232123
1132, -240.33697687327032
1133, -240.48904090826437
1134, -240.64101900348464
1135, -240.79291128481447
1136, -240.9447178778395
1137, -241.0964389078487
1138, -241.24807449983496
1139, -241.39962477849681
1140, -241.55108986823885
1141, -241.70246989317266
1142, -241.853764977118
1143, -242.0049752436038
1144, -242.15610081586874
1145, -242.30714181686267
1146, -242.45809836924718
1147, -242.60897059539644
1148, -242.75975861739863
1149, -242.91046255705683
1150, -243.06108253588883
1151, -243.21161867512956
1152, -243.36207109573144
1153, -243.5124399183647
1154, -243.66272526341905
1155, -243.81292725100425
1156, -243.9630460009511
1157, -244.11308163281234
1158, -244.26303426586315
1159, -244.41290401910342
1160, -244.5626910112559
1161, -244.71239536077056
1162, -244.8620171858221
1163, -245.01155660431405
1164, -245.16101373387642
1165, -245.310388691869
1166, -245.45968159538148
1167, -245.60889256123352
1168, -245.758021705977
1169, -245.90706914589546
1170, -246.0560349970067
1171, -246.20491937506077
1172, -246.3537223955446
1173, -246.50244417367958
1174, -246.6510848244242
1175, -246.79964446247382
1176, -246.9481232022627
1177, -247.0965211579637
1178, -247.24483844348939
1179, -247.3930751724934
1180, -247.54123145837053
1181, -247.68930741425856
1182, -247.83730315303734
1183, -247.98521878733132
1184, -248.1330544295096
1185, -248.28081019168673
1186, -248.4284861857236
1187, -248.5760825232278
1188, -248.72359931555516
1189, -248.8710366738109
1190, -249.01839470884835
1191, -249.16567353127212
1192, -249.31287325143708
1193, -249.4599939794504
1194, -249.60703582517172
1195, -249.75399889821392
1196, -249.900883307944
1197, -250.047689163484
1198, -250.19441657371104
1199, -250.3410656472591
1200, -250.48763649251933
1201, -250.6341292176402
1202, -250.7805439305295
1203, -250.9268807388537
1204, -251.07313975003981
1205, -251.2193210712759
1206, -251.36542480951084
1207, -251.51145107145612
1208, -251.65739996358684
1209, -251.80327159214121
1210, -251.94906606312207
1211, -252.09478348229732
1212, -252.24042395520115
1213, -252.3859875871342
1214, -252.53147448316446
1215, -252.67688474812763
1216, -252.82221848662886
1217, -252.96747580304228
1218, -253.11265680151246
1219, -253.2577615859543
1220, -253.40279026005493
1221, -253.54774292727348
1222, -253.69261969084192
1223, -253.83742065376583
1224, -253.98214591882538
1225, -254.12679558857513
1226, -254.27136976534644
1227, -254.4158685512456
1228, -254.56029204815718
1229, -254.70464035774276
1230, -254.84891358144228
1231, -254.99311182047532
1232, -255.1372351758404
1233, -255.28128374831664
1234, -255.42525763846461
1235, -255.56915694662604
1236, -255.7129817729251
1237, -255.85673221726938
1238, -256.0004083793495
1239, -256.14401035864046
1240, -256.28753825440276
1241, -256.4309921656818
1242, -256.57437219130907
1243, -256.7176784299039
1244, -256.860910979872
1245, -257.0040699394081
1246, -257.14715540649473
1247, -257.2901674789043
1248, -257.4331062541995
1249, -257.57597182973313
1250, -257.7187643026496
1251, -257.8614837698847
1252, -258.0041303281667
1253, -258.1467040740179
1254, -258.28920510375303
1255, -258.431633513482
1256, -258.5739893991092
1257, -258.71627285633446
1258, -258.8584839806541
1259, -259.000622867361
1260, -259.14268961154505
1261, -259.2846843080946
1262, -259.426607051696
1263, -259.56845793683465
1264, -259.7102370577964
1265, -259.85194450866595
1266, -259.9935803833305
1267, -260.13514477547733
1268, -260.2766377785965
1269, -260.4180594859805
1270, -260.5594099907246
1271, -260.7006893857282
1272, -260.841897763695
1273, -260.9830352171333
1274, -261.12410183835686
1275, -261.2650977194859
1276, -261.4060229524465
1277, -261.54687762897294
1278, -261.6876618406059
1279, -261.8283756786946
1280, -261.96901923439793
1281, -262.1095925986832
1282, -262.25009586232824
1283, -262.39052911592086
1284, -262.53089244985983
1285, -262.6711859543562
1286, -262.81140971943194
1287, -262.9515638349226
1288, -263.0916483904763
1289, -263.23166347555537
1290, -263.3716091794361
1291, -263.5114855912092
1292, -263.651292799781
1293, -263.7910308938741
1294, -263.93069996202655
1295, -264.0703000925939
1296, -264.20983137374884
1297, -264.349293893482
1298, -264.48868773960237
1299, -264.6280129997383
1300, -264.7672697613368
1301, -264.9064581116659
1302, -265.04557813781327
1303, -265.1846299266879
1304, -265.32361356501997
1305, -265.46252913936235
1306, -265.60137673608983
1307, -265.7401564414006
1308, -265.87886834131575
1309, -266.01751252168157
1310, -266.15608906816743
1311, -266.2945980662687
1312, -266.43303960130567
1313, -266.57141375842525
1314, -266.70972062260046
1315, -266.84796027863104
1316, -266.9861328111445
1317, -267.12423830459653
1318, -267.26227684327074
1319, -267.40024851127987
1320, -267.5381533925661
1321, -267.67599157090115
1322, -267.8137631298878
1323, -267.951468152959
1324, -268.0891067233788
1325, -268.226678924244
1326, -268.3641848384828
1327, -268.50162454885594
1328, -268.638998137958
1329, -268.77630568821684
1330, -268.91354728189424
1331, -269.05072300108696
1332, -269.18783292772605
1333, -269.3248771435792
1334, -269.4618557302488
1335, -269.5987687691739
1336, -269.73561634163116
1337, -269.8723985287336
1338, -270.00911541143205
1339, -270.1457670705164
1340, -270.28235358661425
1341, -270.41887504019246
1342, -270.55533151155765
1343, -270.6917230808559
1344, -270.8280498280744
1345, -270.9643118330406
1346, -271.1005091754233
1347, -271.23664193473326
1348, -271.3727101903231
1349, -271.5087140213885
1350, -271.64465350696724
1351, -271.7805287259415
1352, -271.91633975703644
1353, -272.052086678822
1354, -272.18776956971305
1355, -272.3233885079692
1356, -272.45894357169556
1357, -272.5944348388437
1358, -272.7298623872107
1359, -272.8652262944418
1360, -273.0005266380281
1361, -273.1357634953089
1362, -273.27093694347184
1363, -273.40604705955275
1364, -273.5410939204361
1365, -273.6760776028564
1366, -273.8109981833971
1367, -273.9458557384919
1368, -274.0806503444252
1369, -274.21538207733226
1370, -274.3500510131997
1371, -274.48465722786557
1372, -274.6192007970206
1373, -274.7536817962073
1374, -274.88810030082163
1375, -275.0224563861127
1376, -275.15675012718316
1377, -275.29098159899036
1378, -275.4251508763453
1379, -275.559258033914
1380, -275.69330314621834
1381, -275.8272862876352
1382, -275.96120753239825
1383, -276.0950669545965
1384, -276.22886462817655
1385, -276.36260062694174
1386, -276.4962750245538
1387, -276.6298878945313
1388, -276.76343931025156
1389, -276.8969293449512
1390, -277.0303580717251
1391, -277.1637255635279
1392, -277.29703189317377
1393, -277.4302771333378
1394, -277.56346135655497
1395, -277.69658463522137
1396, -277.82964704159417
1397, -277.962648647793
1398, -278.0955895257985
1399, -278.2284697474546
1400, -278.36128938446706
1401, -278.4940485084058
1402, -278.6267471907034
1403, -278.7593855026567
1404, -278.89196351542637
1405, -279.024481300038
1406, -279.15693892738216
1407, -279.2893364682145
1408, -279.421673993156
1409, -279.553951572694
1410, -279.6861692771823
1411, -279.81832717684074
1412, -279.9504253417568
1413, -280.0824638418854
1414, -280.214442747048
1415, -280.34636212693573
1416, -280.4782220511074
1417, -280.6100225889905
1418, -280.7417638098815
1419, -280.8734457829464
1420, -281.00506857722127
1421, -281.136632261612
1422, -281.2681369048952
1423, -281.3995825757173
1424, -281.5309693425973
1425, -281.662297273925
1426, -281.79356643796154
1427, -281.92477690284073
1428, -282.0559287365686
1429, -282.18702200702415
1430, -282.3180567819591
1431, -282.4490331289993
1432, -282.57995111564344
1433, -282.71081080926507
1434, -282.84161227711166
1435, -282.97235558630587
1436, -283.10304080384435
1437, -283.23366799660107
1438, -283.3642372313237
1439, -283.4947485746371
1440, -283.6252020930418
1441, -283.75559785291557
1442, -283.88593592051313
1443, -284.01621636196535
1444, -284.14643924328243
1445, -284.276604630351
1446, -284.406712588937
1447, -284.536763184684
1448, -284.6667564831151
1449, -284.7966925496319
1450, -284.92657144951596
1451, -285.05639324792867
1452, -285.18615800991086
1453, -285.31586580038436
1454, -285.4455166841515
1455, -285.5751107258953
1456, -285.7046479901806
1457, -285.8341285414532
1458, -285.96355244404117
1459, -286.0929197621547
1460, -286.2222305598862
1461, -286.3514849012114
1462, -286.4806828499887
1463, -286.6098244699598
1464, -286.73890982475
1465, -286.86793897786947
1466, -286.99691199271103
1467, -287.12582893255353
1468, -287.2546898605595
1469, -287.38349483977737
1470, -287.51224393314084
1471, -287.64093720346875
1472, -287.76957471346657
1473, -287.8981565257255
1474, -288.02668270272403
1475, -288.15515330682666
1476, -288.28356840028533
1477, -288.4119280452397
1478, -288.5402323037165
1479, -288.6684812376308
1480, -288.7966749087857
1481, -288.9248133788733
1482, -289.05289670947377
1483, -289.18092496205657
1484, -289.3088981979813
1485, -289.43681647849576
1486, -289.56467986473905
1487, -289.6924884177393
1488, -289.8202421984157
1489, -289.9479412675781
1490, -290.07558568592714
1491, -290.2031755140547
1492, -290.33071081244464
1493, -290.4581916414719
1494, -290.58561806140426
1495, -290.7129901324007
1496, -290.84030791451414
1497, -290.96757146768925
1498, -291.0947808517647
1499, -291.2219361264715
1500, -291.34903735143536
1501, -291.47608458617515
1502, -291.6030778901045
1503, -291.73001732253107
1504, -291.8569029426565
1505, -291.9837348095792
1506, -292.1105129822913
1507, -292.23723751968066
1508, -292.3639084805309
1509, -292.4905259235221
1510, -292.6170899072299
1511, -292.7436004901265
1512, -292.8700577305811
1513, -292.9964616868598
1514, -293.12281241712583
1515, -293.24910997944
1516, -293.37535443176085
1517, -293.5015458319447
1518, -293.62768423774605
1519, -293.75376970681856
1520, -293.8798022967135
1521, -294.00578206488217
1522, -294.13170906867435
1523, -294.25758336533954
1524, -294.38340501202674
1525, -294.5091740657855
1526, -294.63489058356464
1527, -294.7605546222142
1528, -294.8861662384846
1529, -295.0117254890266
1530, -295.1372324303934
1531, -295.26268711903776
1532, -295.3880896113158
1533, -295.5134399634847
1534, -295.63873823170354
1535, -295.76398447203394
1536, -295.88917874044046
1537, -296.01432109278994
1538, -296.13941158485204
1539, -296.26445027230056
1540, -296.38943721071183
1541, -296.51437245556656
1542, -296.6392560622492
1543, -296.7640880860482
1544, -296.88886858215665
1545, -297.0135976056722
1546, -297.13827521159703
1547, -297.2629014548394
1548, -297.3874763902116
1549, -297.51200007243244
1550, -297.6364725561257
1551, -297.7608938958222
1552, -297.8852641459578
1553, -298.0095833608757
1554, -298.13385159482516
1555, -298.2580689019625
1556, -298.3822353363513
1557, -298.5063509519629
1558, -298.63041580267446
1559, -298.7544299422731
1560, -298.8783934244523
1561, -299.00230630281476
1562, -299.1261686308706
1563, -299.24998046203956
1564, -299.3737418496495
1565, -299.4974528469379
1566, -299.6211135070507
1567, -299.7447238830444
1568, -299.86828402788416
1569, -299.99179399444586
1570, -300.11525383551464
1571, -300.23866360378724
1572, -300.36202335186954
1573, -300.4853331322794
1574, -300.60859299744436
1575, -300.7318029997041
1576, -300.8549631913097
1577, -300.978073624423
1578, -301.10113435111845
1579, -301.22414542338186
1580, -301.3471068931118
1581, -301.47001881211946
1582, -301.5928812321273
1583, -301.7156942047721
1584, -301.83845778160276
1585, -301.96117201408134
1586, -302.0838369535845
1587, -302.2064526514009
1588, -302.329019158734
1589, -302.45153652670143
1590, -302.57400480633396
1591, -302.69642404857825
1592, -302.818794304294
1593, -302.94111562425735
1594, -303.0633880591581
1595, -303.1856116596018
1596, -303.3077864761097
1597, -303.4299125591181
1598, -303.55198995897945
1599, -303.674018725962
1600, -303.7959989102502
1601, -303.9179305619453
1602, -304.039813731064
1603, -304.1616484675411
1604, -304.28343482122756
1605, -304.4051728418917
1606, -304.52686257921926
1607, -304.64850408281274
1608, -304.7700974021939
1609, -304.89164258680086
1610, -305.01313968599044
1611, -305.1345887490379
1612, -305.25598982513685
1613, -305.3773429633993
1614, -305.4986482128564
1615, -305.619905622458
1616, -305.7411152410735
1617, -305.86227711749143
1618, -305.98339130042007
1619, -306.1044578384873
1620, -306.225476780241
1621, -306.3464481741489
1622, -306.4673720685996
1623, -306.58824851190195
1624, -306.709077552285
1625, -306.82985923789903
1626, -306.9505936168155
1627, -307.0712807370269
1628, -307.1919206464466
1629, -307.3125133929111
1630, -307.43305902417615
1631, -307.5535575879215
1632, -307.67400913174833
1633, -307.79441370317966
1634, -307.91477134966146
1635, -308.0350821185622
1636, -308.15534605717266
1637, -308.2755632127076
1638, -308.39573363230403
1639, -308.51585736302206
1640, -308.63593445184654
1641, -308.75596494568464
1642, -308.875948891368
1643, -308.995886335652
1644, -309.11577732521647
1645, -309.23562190666553
1646, -309.35542012652724
1647, -309.47517203125517
1648, -309.5948776672267
1649, -309.7145370807455
1650, -309.8341503180395
1651, -309.95371742526197
1652, -310.0732384484918
1653, -310.1927134337343
1654, -310.3121424269194
1655, -310.43152547390383
1656, -310.55086262047035
1657, -310.67015391232735
1658, -310.7893993951111
1659, -310.9085991143832
1660, -311.02775311563266
1661, -311.14686144427606
1662, -311.2659241456557
1663, -311.3849412650423
1664, -311.5039128476337
1665, -311.6228389385551
1666, -311.74171958286007
1667, -311.86055482552956
1668, -311.979344711473
1669, -312.09808928552803
1670, -312.2167885924606
1671, -312.3354426769653
1672, -312.4540515836655
1673, -312.57261535711297
1674, -312.69113404178944
1675, -312.8096076821051
1676, -312.92803632239975
1677, -313.04642000694287
1678, -313.16475877993327
1679, -313.28305268549985
1680, -313.40130176770145
1681, -313.51950607052686
1682, -313.63766563789534
1683, -313.75578051365665
1684, -313.8738507415907
1685, -313.99187636540864
1686, -314.10985742875255
1687, -314.2277939751949
1688, -314.34568604824045
1689, -314.46353369132396
1690, -314.5813369478125
1691, -314.69909586100505
1692, -314.8168104741315
1693, -314.93448083035446
1694, -315.052106972768
1695, -315.1696889443989
1696, -315.2872267882065
1697, -315.4047205470821
1698, -315.5221702638496
1699, -315.63957598126626
1700, -315.75693774202193
1701, -315.87425558874
1702, -315.99152956397677
1703, -316.108759710222
1704, -316.2259460698986
1705, -316.343088685364
1706, -316.4601875989089
1707, -316.5772428527581
1708, -316.69425448907043
1709, -316.811222549939
1710, -316.9281470773917
1711, -317.04502811339
1712, -317.1618656998313
1713, -317.27865987854693
1714, -317.39541069130337
1715, -317.51211817980266
1716, -317.6287823856811
1717, -317.7454033505114
1718, -317.8619811158011
1719, -317.97851572299425
1720, -318.0950072134692
1721, -318.2114556285417
1722, -318.3278610094629
1723, -318.44422339742005
1724, -318.56054283353706
1725, -318.67681935887424
1726, -318.7930530144284
1727, -318.90924384113305
1728, -319.02539187985894
1729, -319.1414971714133
1730, -319.25755975654084
1731, -319.3735796759236
1732, -319.48955697018084
1733, -319.6054916798695
1734, -319.72138384548435
1735, -319.83723350745777
1736, -319.9530407061596
1737, -320.06880548189866
1738, -320.1845278749215
1739, -320.3002079254132
1740, -320.415845673497
1741, -320.531441159235
1742, -320.6469944226281
1743, -320.76250550361567
1744, -320.87797444207655
1745, -320.99340127782835
1746, -321.108786050628
1747, -321.22412880017174
1748, -321.33942956609565
1749, -321.45468838797524
1750, -321.5699053053255
1751, -321.6850803576017
1752, -321.80021358419873
1753, -321.91530502445187
1754, -322.0303547176368
1755, -322.14536270296924
1756, -322.26032901960554
1757, -322.3752537066431
1758, -322.4901368031192
1759, -322.6049783480128
1760, -322.7197783802435
1761, -322.83453693867216
1762, -322.9492540621004
1763, -323.06392978927227
1764, -323.1785641588722
1765, -323.293157209527
1766, -323.40770897980485
1767, -323.52221950821587
1768, -323.6366888332119
1769, -323.7511169931878
1770, -323.86550402647964
1771, -323.9798499713661
1772, -324.0941548660683
1773, -324.2084187487506
1774, -324.3226416575188
1775, -324.43682363042274
1776, -324.55096470545504
1777, -324.66506492055015
1778, -324.7791243135874
1779, -324.8931429223879
1780, -325.00712078471736
1781, -325.12105793828425
1782, -325.2349544207415
1783, -325.34881026968435
1784, -325.46262552265335
1785, -325.57640021713235
1786, -325.6901343905497
1787, -325.80382808027736
1788, -325.9174813236323
1789, -326.0310941578755
1790, -326.14466662021306
1791, -326.25819874779455
1792, -326.37169057771536
1793, -326.485142147016
1794, -326.5985534926814
1795, -326.71192465164114
1796, -326.8252556607714
1797, -326.93854655689256
1798, -327.0517973767713
1799, -327.1650081571188
1800, -327.27817893459326
1801, -327.3913097457977
1802, -327.50440062728114
1803, -327.6174516155394
1804, -327.7304627470133
1805, -327.8434340580908
1806, -327.95636558510597
1807, -328.06925736433897
1808, -328.1821094320171
1809, -328.2949218243137
1810, -328.4076945773495
1811, -328.5204277271919
1812, -328.6331213098548
1813, -328.74577536130073
1814, -328.8583899174373
1815, -328.9709650141209
1816, -329.08350068715527
1817, -329.1959969722908
1818, -329.3084539052268
1819, -329.4208715216091
1820, -329.53324985703205
1821, -329.64558894703805
1822, -329.7578888271173
1823, -329.87014953270784
1824, -329.98237109919665
1825, -330.09455356191893
1826, -330.20669695615817
1827, -330.3188013171466
1828, -330.43086668006436
1829, -330.542893080042
1830, -330.6548805521573
1831, -330.76682913143816
1832, -330.8787388528614
1833, -330.9906097513523
1834, -331.10244186178625
1835, -331.2142352189877
1836, -331.3259898577306
1837, -331.4377058127385
1838, -331.5493831186851
1839, -331.6610218101935
1840, -331.7726219218366
1841, -331.8841834881373
1842, -331.99570654356904
1843, -332.1071911225552
1844, -332.21863725946923
1845, -332.33004498863556
1846, -332.44141434432834
1847, -332.552745360773
1848, -332.664038072146
1849, -332.7752925125733
1850, -332.88650871613254
1851, -332.9976867168528
1852, -333.1088265487134
1853, -333.2199282456454
1854, -333.3309918415313
1855, -333.4420173702036
1856, -333.5530048654485
1857, -333.66395436100186
1858, -333.77486589055235
1859, -333.88573948773984
1860, -333.99657518615624
1861, -334.1073730193457
1862, -334.2181330208039
1863, -334.32885522397885
1864, -334.43953966227093
1865, -334.5501863690327
1866, -334.6607953775697
1867, -334.77136672113886
1868, -334.88190043295083
1869, -334.9923965461686
1870, -335.1028550939075
1871, -335.21327610923646
1872, -335.3236596251769
1873, -335.4340056747037
1874, -335.54431429074475
1875, -335.6545855061807
1876, -335.76481935384675
1877, -335.87501586653036
1878, -335.9851750769732
1879, -336.09529701787017
1880, -336.20538172187037
1881, -336.31542922157615
1882, -336.4254395495441
1883, -336.5354127382848
1884, -336.6453488202628
1885, -336.7552478278973
1886, -336.86510979356046
1887, -336.97493474958037
1888, -337.0847227282382
1889, -337.19447376177106
1890, -337.3041878823695
1891, -337.41386512217923
1892, -337.5235055133004
1893, -337.63310908778885
1894, -337.7426758776543
1895, -337.8522059148628
1896, -337.961699231334
1897, -338.0711558589443
1898, -338.1805758295242
1899, -338.28995917486066
1900, -338.399305926695
1901, -338.5086161167251
1902, -338.617889776604
1903, -338.7271269379403
1904, -338.83632763229934
1905, -338.9454918912012
1906, -339.0546197461226
1907, -339.16371122849625
1908, -339.2727663697111
1909, -339.3817852011126
1910, -339.49076775400147
1911, -339.59971405963626
1912, -339.70862414923096
1913, -339.81749805395657
1914, -339.9263358049411
1915, -340.0351374332687
1916, -340.14390296998056
1917, -340.25263244607504
1918, -340.3613258925071
1919, -340.4699833401892
1920, -340.5786048199905
1921, -340.68719036273797
1922, -340.7957399992154
1923, -340.9042537601641
1924, -341.01273167628335
1925, -341.1211737782296
1926, -341.2295800966167
1927, -341.33795066201657
1928, -341.4462855049592
1929, -341.55458465593193
1930, -341.6628481453804
1931, -341.7710760037081
1932, -341.8792682612769
1933, -341.9874249484072
1934, -342.09554609537673
1935, -342.2036317324224
1936, -342.31168188973936
1937, -342.41969659748065
1938, -342.52767588575955
1939, -342.63561978464634
1940, -342.743528324171
1941, -342.8514015343221
1942, -342.95923944504693
1943, -343.06704208625206
1944, -343.17480948780315
1945, -343.28254167952474
1946, -343.3902386912014
1947, -343.49790055257546
1948, -343.60552729335024
1949, -343.7131189431878
1950, -343.82067553170975
1951, -343.9281970884975
1952, -344.03568364309194
1953, -344.1431352249936
1954, -344.25055186366336
1955, -344.3579335885218
1956, -344.4652804289488
1957, -344.57259241428585
1958, -344.6798695738333
1959, -344.78711193685194
1960, -344.89431953256326
1961, -345.00149239014854
1962, -345.1086305387504
1963, -345.2157340074709
1964, -345.3228028253734
1965, -345.4298370214816
1966, -345.53683662478045
1967, -345.6438016642149
1968, -345.7507321686915
1969, -345.8576281670771
1970, -345.9644896882006
1971, -346.07131676085083
1972, -346.1781094137785
1973, -346.2848676756956
1974, -346.3915915752747
1975, -346.4982811411505
1976, -346.60493640191953
1977, -346.71155738613845
1978, -346.8181441223269
1979, -346.9246966389654
1980, -347.0312149644966
1981, -347.1376991273249
1982, -347.24414915581656
1983, -347.3505650782995
1984, -347.45694692306415
1985, -347.5632947183627
1986, -347.66960849241025
1987, -347.775888273383
1988, -347.88213408941976
1989, -347.9883459686225
1990, -348.09452393905497
1991, -348.2006680287436
1992, -348.3067782656773
1993, -348.41285467780773
1994, -348.5188972930496
1995, -348.6249061392794
1996, -348.730881244338
1997, -348.8368226360277
1998, -348.94273034211494
1999, -349.04860439032865
2000, -349.15444480836106
2001, -349.2602516238674
2002, -349.3660248644661
2003, -349.4717645577398
2004, -349.5774707312333
2005, -349.68314341245616
2006, -349.7887826288802
2007, -349.89438840794173
2008, -349.9999607770399
2009, -350.1054997635395
2010, -350.2110053947663
2011, -350.316477698012
2012, -350.4219167005318
2013, -350.5273224295447
2014, -350.63269491223366
2015, -350.738034175746
2016, -350.8433402471933
2017, -350.9486131536514
2018, -351.05385292216
2019, -351.15905957972365
2020, -351.26423315331124
2021, -351.36937366985677
2022, -351.4744811562574
2023, -351.5795556393764
2024, -351.68459714604126
2025, -351.78960570304343
2026, -351.8945813371406
2027, -351.9995240750545
2028, -352.10443394347186
2029, -352.20931096904496
2030, -352.3141551783909
2031, -352.4189665980913
2032, -352.52374525469406
2033, -352.6284911747119
2034, -352.7332043846228
2035, -352.83788491087
2036, -352.94253277986263
2037, -353.04714801797536
2038, -353.15173065154823
2039, -353.25628070688674
2040, -353.3607982102629
2041, -353.4652831879131
2042, -353.5697356660412
2043, -353.674155670816
2044, -353.77854322837203
2045, -353.88289836481135
2046, -353.98722110619985
2047, -354.09151147857193
2048, -354.19576950792634
2049, -354.299995220229
2050, -354.40418864141185
2051, -354.50834979737357
2052, -354.6124787139791
2053, -354.71657541705974
2054, -354.82063993241337
2055, -354.9246722858052
2056, -355.02867250296595
2057, -355.1326406095941
2058, -355.2365766313543
2059, -355.3404805938785
2060, -355.44435252276537
2061, -355.5481924435808
2062, -355.65200038185696
2063, -355.7557763630942
2064, -355.8595204127597
2065, -355.96323255628704
2066, -356.06691281907825
2067, -356.1705612265023
2068, -356.2741778038949
2069, -356.37776257656
2070, -356.48131556976944
2071, -356.5848368087609
2072, -356.6883263187416
2073, -356.7917841248853
2074, -356.8952102523341
2075, -356.9986047261976
2076, -357.101967571553
2077, -357.2052988134461
2078, -357.30859847689055
2079, -357.41186658686684
2080, -357.51510316832537
2081, -357.6183082461833
2082, -357.72148184532654
2083, -357.82462399060944
2084, -357.92773470685427
2085, -358.0308140188516
2086, -358.1338619513609
2087, -358.23687852910945
2088, -358.3398637767941
2089, -358.44281771907873
2090, -358.54574038059746
2091, -358.64863178595215
2092, -358.75149195971363
2093, -358.8543209264215
2094, -358.9571187105845
2095, -359.05988533668005
2096, -359.1626208291544
2097, -359.2653252124229
2098, -359.36799851087045
2099, -359.4706407488505
2100, -359.57325195068535
2101, -359.6758321406679
2102, -359.7783813430592
2103, -359.88089958209
2104, -359.9833868819599
2105, -360.0858432668392
2106, -360.1882687608666
2107, -360.29066338815085
2108, -360.3930271727696
2109, -360.49536013877196
2110, -360.5976623101745
2111, -360.6999337109649
2112, -360.80217436510065
2113, -360.9043842965084
2114, -361.0065635290857
2115, -361.10871208669914
2116, -361.2108299931857
2117, -361.31291727235293
2118, -361.4149739479776
2119, -361.51700004380757
2120, -361.6189955835601
2121, -361.7209605909235
2122, -361.822895089556
2123, -361.9247991030867
2124, -362.0266726551138
2125, -362.12851576920787
2126, -362.2303284689084
2127, -362.33211077772694
2128, -362.43386271914414
2129, -362.53558431661287
2130, -362.6372755935554
2131, -362.7389365733658
2132, -362.84056727940833
2133, -362.94216773501904
2134, -363.04373796350376
2135, -363.14527798814
2136, -363.24678783217615
2137, -363.34826751883185
2138, -363.4497170712978
2139, -363.551136512736
2140, -363.65252586627923
2141, -363.7538851550322
2142, -363.85521440207094
2143, -363.9565136304421
2144, -364.05778286316456
2145, -364.1590221232286
2146, -364.26023143359544
2147, -364.3614108171988
2148, -364.46256029694314
2149, -364.56367989570583
2150, -364.66476963633414
2151, -364.7658295416489
2152, -364.86685963444154
2153, -364.9678599374762
2154, -365.06883047348856
2155, -365.16977126518634
2156, -365.27068233524926
2157, -365.3715637063292
2158, -365.47241540105006
2159, -365.5732374420078
2160, -365.67402985177097
2161, -365.77479265288
2162, -365.8755258678475
2163, -365.9762295191591
2164, -366.07690362927235
2165, -366.17754822061744
2166, -366.2781633155969
2167, -366.37874893658545
2168, -366.4793051059314
2169, -366.5798318459547
2170, -366.68032917894845
2171, -366.78079712717846
2172, -366.881235712883
2173, -366.9816449582739
2174, -367.0820248855351
2175, -367.1823755168234
2176, -367.28269687426973
2177, -367.3829889799764
2178, -367.48325185601954
2179, -367.58348552444886
2180, -367.6836900072861
2181, -367.7838653265276
2182, -367.8840115041415
2183, -367.98412856207005
2184, -368.08421652222853
2185, -368.18427540650566
2186, -368.28430523676354
2187, -368.38430603483823
2188, -368.48427782253793
2189, -368.58422062164584
2190, -368.6841344539181
2191, -368.7840193410846
2192, -368.88387530484863
2193, -368.9837023668874
2194, -369.08350054885204
2195, -369.18326987236753
2196, -369.28301035903223
2197, -369.3827220304188
2198, -369.4824049080733
2199, -369.58205901351704
2200, -369.68168436824345
2201, -369.7812809937218
2202, -369.880848911395
2203, -369.98038814267886
2204, -370.0798987089652
2205, -370.17938063161876
2206, -370.27883393197953
2207, -370.37825863136095
2208, -370.47765475105126
2209, -370.57702231231343
2210, -370.6763613363843
2211, -370.77567184447537
2212, -370.8749538577731
2213, -370.9742073974377
2214, -371.07343248460467
2215, -371.17262914038383
2216, -371.2717973858604
2217, -371.3709372420932
2218, -371.4700487301167
2219, -371.5691318709397
2220, -371.66818668554663
2221, -371.767213194896
2222, -371.86621141992146
2223, -371.96518138153215
2224, -372.06412310061114
2225, -372.16303659801815
2226, -372.261921894587
2227, -372.3607790111264
2228, -372.4596079684214
2229, -372.5584087872313
2230, -372.6571814882909
2231, -372.75592609231046
2232, -372.8546426199758
2233, -372.95333109194763
2234, -373.05199152886235
2235, -373.150623951332
2236, -373.24922837994427
2237, -373.347804835262
2238, -373.4463533378237
2239, -373.5448739081439
2240, -373.6433665667123
2241, -373.7418313339943
2242, -373.84026823043206
2243, -373.93867727644204
2244, -374.03705849241817
2245, -374.13541189872905
2246, -374.2337375157191
2247, -374.33203536371
2248, -374.43030546299815
2249, -374.5285478338566
2250, -374.62676249653407
2251, -374.72494947125597
2252, -374.8231087782233
2253, -374.9212404376138
2254, -375.01934446958103
2255, -375.1174208942549
2256, -375.21546973174156
2257, -375.313491002124
2258, -375.41148472546104
2259, -375.5094509217882
2260, -375.60738961111684
2261, -375.70530081343634
2262, -375.8031845487112
2263, -375.90104083688294
2264, -375.9988696978694
2265, -376.09667115156583
2266, -376.19444521784345
2267, -376.29219191655085
2268, -376.3899112675126
2269, -376.48760329053096
2270, -376.58526800538414
2271, -376.68290543182803
2272, -376.78051558959487
2273, -376.87809849839414
2274, -376.9756541779123
2275, -377.07318264781253
2276, -377.17068392773564
2277, -377.26815803729926
2278, -377.3656049960979
2279, -377.46302482370356
2280, -377.5604175396653
2281, -377.65778316350963
2282, -377.7551217147403
2283, -377.85243321283826
2284, -377.94971767726156
2285, -378.04697512744633
2286, -378.14420558280574
2287, -378.24140906273
2288, -378.3385855865881
2289, -378.435735173725
2290, -378.5328578434643
2291, -378.6299536151067
2292, -378.727022507931
2293, -378.82406454119337
2294, -378.9210797341276
2295, -379.01806810594553
2296, -379.1150296758366
2297, -379.2119644629682
2298, -379.30887248648526
2299, -379.4057537655115
2300, -379.5026083191472
