200, -27.233219389911767
201, -27.687038083806385
202, -28.13926551206515
203, -28.589915943346227
204, -29.039003442502235
205, -29.486541874550028
206, -29.932544908542013
207, -30.37702602134459
208, -30.81999850132331
209, -31.261475451938907
210, -31.701469795257537
211, -32.139994275376466
212, -32.57706146176838
213, -33.012683752546195
214, -33.44687337765015
215, -33.8796424019618
216, -34.31100272834402
217, -34.74096610060968
218, -35.16954410642387
219, -35.596748180136956
220, -36.02258960555395
221, -36.447079518640976
222, -36.87022891016909
223, -37.2920486282996
224, -37.71254938111065
225, -38.13174173906782
226, -38.549636137438256
227, -38.96624287865376
228, -39.381572134619375
229, -39.79563394897252
230, -40.20843823929221
231, -40.61999479926084
232, -41.03031330077869
233, -41.439403296032765
234, -41.84727421952124
235, -42.25393539003494
236, -42.65939601259663
237, -43.06366518035895
238, -43.46675187646247
239, -43.86866497585464
240, -44.26941324707144
241, -44.66900535398065
242, -45.06744985749043
243, -45.46475521722141
244, -45.86092979314526
245, -46.25598184718939
246, -46.64991954480951
247, -47.04275095652952
248, -47.43448405945014
249, -47.82512673872941
250, -48.21468678903028
251, -48.60317191594163
252, -48.99058973737067
253, -49.376947784907486
254, -49.76225350516228
255, -50.14651426107764
256, -50.52973733321454
257, -50.91192992101281
258, -51.293099144028076
259, -51.67325204314426
260, -52.05239558176345
261, -52.4305366469718
262, -52.80768205068523
263, -53.183838530770686
264, -53.55901275214882
265, -53.93321130787473
266, -54.30644072019754
267, -54.67870744160234
268, -55.05001785583073
269, -55.42037827888396
270, -55.78979496000625
271, -56.15827408265113
272, -56.52582176542927
273, -56.8924440630401
274, -57.25814696718476
275, -57.62293640746424
276, -57.986818252260434
277, -58.34979830960225
278, -58.711882328013985
279, -59.073075997351566
280, -59.43338494962211
281, -59.79281475978911
282, -60.151370946563986
283, -60.5090589731833
284, -60.86588424817268
285, -61.2218521260973
286, -61.57696790829874
287, -61.93123684362081
288, -62.284664129120245
289, -62.63725491076826
290, -62.98901428413683
291, -63.33994729507617
292, -63.69005894037895
293, -64.03935416843404
294, -64.38783787986864
295, -64.73551492817984
296, -65.08239012035637
297, -65.42846821748873
298, -65.77375393536977
299, -66.11825194508549
300, -66.46196687359571
301, -66.8049033043057
302, -67.14706577762757
303, -67.48845879153362
304, -67.82908680209897
305, -68.1689542240382
306, -68.50806543122974
307, -68.84642475723518
308, -69.18403649580767
309, -69.52090490139386
310, -69.85703418962652
311, -70.19242853781083
312, -70.5270920854013
313, -70.86102893447281
314, -71.19424315018284
315, -71.52673876122685
316, -71.85851976028744
317, -72.18959010447526
318, -72.51995371576379
319, -72.84961448141661
320, -73.1785762544095
321, -73.50684285384523
322, -73.83441806536075
323, -74.16130564153053
324, -74.48750930226231
325, -74.81303273518716
326, -75.13787959604304
327, -75.46205350905387
328, -75.78555806730196
329, -76.10839683309473
330, -76.43057333832684
331, -76.7520910848358
332, -77.07295354475292
333, -77.39316416084972
334, -77.71272634687767
335, -78.03164348790426
336, -78.34991894064308
337, -78.66755603378095
338, -78.98455806829747
339, -79.3009283177824
340, -79.61667002874702
341, -79.93178642093199
342, -80.2462806876095
343, -80.56015599588284
344, -80.87341548697992
345, -81.18606227654334
346, -81.49809945491671
347, -81.80953008742682
348, -82.12035721466077
349, -82.43058385274094
350, -82.74021299359407
351, -83.0492476052188
352, -83.35769063194743
353, -83.6655449947055
354, -83.9728135912668
355, -84.2794992965056
356, -84.5856049626446
357, -84.89113341950065
358, -85.19608747472529
359, -85.50046991404434
360, -85.80428350149185
361, -86.1075309796426
362, -86.41021506984083
363, -86.7123384724253
364, -87.01390386695272
365, -87.31491391241661
366, -87.61537124746428
367, -87.91527849061072
368, -88.21463824044895
369, -88.5134530758591
370, -88.8117255562127
371, -89.10945822157606
372, -89.40665359290966
373, -89.70331417226618
374, -89.99944244298433
375, -90.2950408698818
376, -90.59011189944488
377, -90.88465796001532
378, -91.17868146197549
379, -91.47218479793025
380, -91.76517034288776
381, -92.05764045443715
382, -92.34959747292294
383, -92.64104372161944
384, -92.9319815069016
385, -93.22241311841316
386, -93.51234082923406
387, -93.80176689604457
388, -94.09069355928847
389, -94.3791230433327
390, -94.6670575566261
391, -94.95449929185622
392, -95.24145042610331
393, -95.52791312099379
394, -95.81388952284965
395, -96.0993817628385
396, -96.38439195711993
397, -96.66892220699117
398, -96.95297459902952
399, -97.23655120523517
400, -97.51965408317074
401, -97.80228527609898
402, -98.08444681312022
403, -98.36614070930614
404, -98.64736896583435
405, -98.92813357011875
406, -99.20843649594042
407, -99.48827970357581
408, -99.76766513992385
409, -100.04659473863092
410, -100.3250704202157
411, -100.60309409219104
412, -100.88066764918472
413, -101.15779297305977
414, -101.43447193303206
415, -101.71070638578783
416, -101.98649817559806
417, -102.26184913443359
418, -102.53676108207696
419, -102.81123582623451
420, -103.08527516264655
421, -103.35888087519567
422, -103.63205473601494
423, -103.90479850559359
424, -104.177113932883
425, -104.44900275539993
426, -104.72046669932979
427, -104.9915074796279
428, -105.26212680011946
429, -105.5323263536007
430, -105.80210782193416
431, -106.07147287614822
432, -106.34042317653183
433, -106.60896037272977
434, -106.87708610383623
435, -107.14480199848776
436, -107.41210967495482
437, -107.67901074123301
438, -107.94550679513156
439, -108.21159942436361
440, -108.47729020663235
441, -108.74258070971939
442, -109.0074724915691
443, -109.27196710037418
444, -109.5360660746594
445, -109.79977094336522
446, -110.06308322592872
447, -110.32600443236544
448, -110.58853606335003
449, -110.85067961029523
450, -111.11243655543035
451, -111.37380837188016
452, -111.63479652373951
453, -111.895402466152
454, -112.15562764538333
455, -112.41547349889686
456, -112.67494145542702
457, -112.93403293505202
458, -113.19274934926574
459, -113.45109210104971
460, -113.70906258494347
461, -113.96666218711414
462, -114.2238922854259
463, -114.4807542495081
464, -114.73724944082306
465, -114.99337921273332
466, -115.24914491056768
467, -115.50454787168627
468, -115.75958942554638
469, -116.01427089376631
470, -116.2685935901888
471, -116.52255882094369
472, -116.77616788451115
473, -117.02942207178222
474, -117.28232266612076
475, -117.53487094342262
476, -117.78706817217704
477, -118.03891561352452
478, -118.29041452131543
479, -118.54156614216862
480, -118.7923717155283
481, -119.04283247372155
482, -119.29294964201318
483, -119.54272443866256
484, -119.79215807497866
485, -120.04125175537376
486, -120.29000667741849
487, -120.53842403189464
488, -120.78650500284795
489, -121.03425076764142
490, -121.28166249700627
491, -121.52874135509364
492, -121.77548849952586
493, -122.0219050814461
494, -122.26799224556885
495, -122.5137511302288
496, -122.75918286743058
497, -123.00428858289621
498, -123.24906939611344
499, -123.49352642038383
500, -123.73766076286898
501, -123.98147352463724
502, -124.22496580071032
503, -124.46813868010855
504, -124.71099324589625
505, -124.95353057522681
506, -125.19575173938631
507, -125.43765780383842
508, -125.67924982826736
509, -125.92052886662145
510, -126.16149596715547
511, -126.40215217247288
512, -126.64249851956805
513, -126.88253603986794
514, -127.12226575927286
515, -127.3616886981971
516, -127.6008058716098
517, -127.83961828907479
518, -128.07812695478975
519, -128.31633286762582
520, -128.55423702116684
521, -128.7918404037469
522, -129.0291439984897
523, -129.26614878334544
524, -129.50285573112825
525, -129.73926580955435
526, -129.97537998127768
527, -130.21119920392658
528, -130.44672443014053
529, -130.6819566076054
530, -130.91689667908838
531, -131.15154558247474
532, -131.38590425080065
533, -131.61997361228907
534, -131.85375459038352
535, -132.0872481037818
536, -132.3204550664695
537, -132.55337638775376
538, -132.7860129722955
539, -133.0183657201427
540, -133.25043552676289
541, -133.48222328307452
542, -133.71372987547903
543, -133.9449561858928
544, -134.17590309177797
545, -134.40657146617355
546, -134.63696217772616
547, -134.8670760907201
548, -135.0969140651079
549, -135.3264769565405
550, -135.55576561639572
551, -135.7847808918088
552, -136.0135236257006
553, -136.241994656808
554, -136.47019481971017
555, -136.6981249448586
556, -136.92578585860497
557, -137.1531783832288
558, -137.3803033369648
559, -137.60716153403104
560, -137.8337537846549
561, -138.06008089510146
562, -138.28614366769875
563, -138.5119429008655
564, -138.73747938913584
565, -138.96275392318762
566, -139.1877672898654
567, -139.41252027220787
568, -139.63701364947337
569, -139.86124819716315
570, -140.0852246870487
571, -140.30894388719457
572, -140.53240656198375
573, -140.75561347214227
574, -140.97856537476196
575, -141.20126302332585
576, -141.42370716773098
577, -141.64589855431245
578, -141.86783792586596
579, -142.08952602167142
580, -142.31096357751608
581, -142.5321513257171
582, -142.75308999514323
583, -142.97378031123844
584, -143.19422299604355
585, -143.41441876821796
586, -143.63436834306185
587, -143.8540724325377
588, -144.0735317452909
589, -144.29274698667314
590, -144.51171885876113
591, -144.73044806037876
592, -144.94893528711748
593, -145.16718123135786
594, -145.38518658228816
595, -145.60295202592624
596, -145.8204782451386
597, -146.0377659196614
598, -146.25481572611875
599, -146.47162833804384
600, -146.68820442589686
601, -146.90454465708638
602, -147.12064969598578
603, -147.33652020395493
604, -147.5521568393567
605, -147.76756025757788
606, -147.98273111104572
607, -148.19767004924745
608, -148.41237771874808
609, -148.62685476320917
610, -148.84110182340578
611, -149.0551195372451
612, -149.26890853978352
613, -149.48246946324514
614, -149.6958029370379
615, -149.90890958777175
616, -150.1217900392752
617, -150.33444491261332
618, -150.54687482610314
619, -150.75908039533158
620, -150.97106223317144
621, -151.1828209497985
622, -151.39435715270668
623, -151.60567144672575
624, -151.81676443403626
625, -152.0276367141862
626, -152.23828888410662
627, -152.44872153812707
628, -152.65893526799198
629, -152.8689306628753
630, -153.078708309396
631, -153.28826879163455
632, -153.49761269114583
633, -153.70674058697637
634, -153.91565305567804
635, -154.12435067132287
636, -154.33283400551795
637, -154.54110362742074
638, -154.74916010375193
639, -154.95700399881116
640, -155.16463587449095
641, -155.37205629029017
642, -155.57926580332935
643, -155.78626496836318
644, -155.99305433779546
645, -156.19963446169254
646, -156.40600588779625
647, -156.61216916153842
648, -156.8181248260537
649, -157.02387342219322
650, -157.22941548853748
651, -157.43475156140983
652, -157.6398821748893
653, -157.84480786082315
654, -158.04952914884075
655, -158.25404656636522
656, -158.4583606386268
657, -158.6624718886751
658, -158.86638083739183
659, -159.07008800350252
660, -159.27359390358959
661, -159.4768990521046
662, -159.68000396137938
663, -159.88290914163906
664, -160.08561510101322
665, -160.2881223455488
666, -160.4904313792207
667, -160.69254270394435
668, -160.89445681958625
669, -161.0961742239772
670, -161.29769541292183
671, -161.4990208802111
672, -161.70015111763337
673, -161.90108661498562
674, -162.1018278600843
675, -162.3023753387763
676, -162.5027295349505
677, -162.70289093054805
678, -162.9028600055733
679, -163.1026372381051
680, -163.30222310430588
681, -163.50161807843483
682, -163.70082263285542
683, -163.899837238048
684, -164.09866236261905
685, -164.2972984733127
686, -164.49574603501856
687, -164.6940055107848
688, -164.89207736182573
689, -165.08996204753328
690, -165.28766002548662
691, -165.48517175146162
692, -165.68249767944087
693, -165.87963826162377
694, -166.0765939484353
695, -166.27336518853633
696, -166.46995242883338
697, -166.66635611448726
698, -166.8625766889229
699, -167.05861459383846
700, -167.25447026921483
701, -167.45014415332548
702, -167.64563668274377
703, -167.8409482923538
704, -168.03607941535847
705, -168.23103048328903
706, -168.42580192601326
707, -168.62039417174526
708, -168.81480764705282
709, -169.009042776868
710, -169.20309998449386
711, -169.3969796916142
712, -169.59068231830236
713, -169.78420828302853
714, -169.9775580026693
715, -170.17073189251516
716, -170.36373036627947
717, -170.55655383610656
718, -170.7492027125794
719, -170.9416774047287
720, -171.13397832004
721, -171.32610586446242
722, -171.5180604424164
723, -171.70984245680188
724, -171.9014523090052
725, -172.0928903989087
726, -172.2841571248964
727, -172.47525288386373
728, -172.6661780712236
729, -172.85693308091504
730, -173.0475183054101
731, -173.23793413572218
732, -173.4281809614123
733, -173.6182591705982
734, -173.80816914996012
735, -173.99791128474862
736, -174.18748595879288
737, -174.37689355450595
738, -174.56613445289383
739, -174.75520903356175
740, -174.94411767472093
741, -175.13286075319672
742, -175.32143864443447
743, -175.50985172250705
744, -175.69810036012166
745, -175.8861849286269
746, -176.07410579801922
747, -176.26186333695023
748, -176.44945791273256
749, -176.63688989134744
750, -176.8241596374511
751, -177.0112675143813
752, -177.19821388416347
753, -177.38499910751818
754, -177.57162354386696
755, -177.7580875513388
756, -177.94439148677668
757, -178.13053570574436
758, -178.3165205625313
759, -178.50234641016073
760, -178.68801360039458
761, -178.87352248374077
762, -179.05887340945787
763, -179.24406672556313
764, -179.42910277883675
765, -179.61398191482942
766, -179.7987044778672
767, -179.983270811058
768, -180.16768125629778
769, -180.35193615427613
770, -180.53603584448172
771, -180.71998066520905
772, -180.9037709535636
773, -181.0874070454679
774, -181.27088927566683
775, -181.45421797773372
776, -181.63739348407603
777, -181.82041612594082
778, -182.00328623342
779, -182.1860041354562
780, -182.3685701598488
781, -182.5509846332585
782, -182.73324788121317
783, -182.9153602281133
784, -183.0973219972375
785, -183.27913351074744
786, -183.46079508969376
787, -183.64230705402053
788, -183.82366972257125
789, -184.00488341309415
790, -184.1859484422465
791, -184.3668651256005
792, -184.5476337776479
793, -184.72825471180624
794, -184.9087282404223
795, -185.08905467477803
796, -185.26923432509568
797, -185.44926750054265
798, -185.62915450923583
799, -185.80889565824748
800, -185.98849125360903
801, -186.16794160031748
802, -186.34724700233858
803, -186.52640776261228
804, -186.70542418305786
805, -186.8842965645789
806, -187.0630252070663
807, -187.2416104094051
808, -187.4200524694777
809, -187.59835168416896
810, -187.77650834937117
811, -187.9545227599881
812, -188.13239520993955
813, -188.31012599216626
814, -188.48771539863412
815, -188.6651637203389
816, -188.84247124731007
817, -189.01963826861618
818, -189.1966650723682
819, -189.37355194572478
820, -189.55029917489628
821, -189.726907045149
822, -189.9033758408093
823, -190.07970584526822
824, -190.25589734098548
825, -190.43195060949404
826, -190.60786593140404
827, -190.78364358640658
828, -190.95928385327863
829, -191.13478700988696
830, -191.31015333319147
831, -191.4853830992506
832, -191.66047658322384
833, -191.83543405937735
834, -192.01025580108694
835, -192.18494208084167
836, -192.35949317024915
837, -192.5339093400388
838, -192.7081908600652
839, -192.88233799931288
840, -193.05635102589952
841, -193.23023020708058
842, -193.4039758092523
843, -193.57758809795553
844, -193.7510673378806
845, -193.9244137928696
846, -194.09762772592183
847, -194.27070939919474
848, -194.4436590740114
849, -194.616477010861
850, -194.78916346940377
851, -194.96171870847525
852, -195.13414298608814
853, -195.306436559438
854, -195.47859968490513
855, -195.65063261805892
856, -195.82253561366156
857, -195.9943089256709
858, -196.16595280724425
859, -196.33746751074216
860, -196.50885328773165
861, -196.6801103889893
862, -196.8512390645053
863, -197.02223956348644
864, -197.19311213435958
865, -197.36385702477492
866, -197.53447448160978
867, -197.70496475097116
868, -197.87532807820003
869, -198.04556470787406
870, -198.21567488381015
871, -198.38565884906927
872, -198.55551684595866
873, -198.72524911603512
874, -198.89485590010872
875, -199.06433743824516
876, -199.2336939697699
877, -199.40292573327042
878, -199.5720329666002
879, -199.741015906881
880, -199.90987479050636
881, -200.07860985314494
882, -200.2472213297433
883, -200.41570945452906
884, -200.5840744610132
885, -200.75231658199493
886, -200.920436049562
887, -201.08843309509643
888, -201.25630794927565
889, -201.42406084207641
890, -201.59169200277665
891, -201.75920165995956
892, -201.92659004151608
893, -202.093857374648
894, -202.26100388586974
895, -202.42802980101283
896, -202.59493534522778
897, -202.7617207429871
898, -202.92838621808767
899, -203.09493199365465
900, -203.26135829214343
901, -203.4276653353421
902, -203.5938533443756
903, -203.75992253970662
904, -203.92587314113973
905, -204.0917053678238
906, -204.25741943825403
907, -204.4230155702752
908, -204.58849398108453
909, -204.75385488723407
910, -204.91909850463333
911, -205.08422504855116
912, -205.24923473362014
913, -205.41412777383778
914, -205.5789043825696
915, -205.74356477255117
916, -205.90810915589157
917, -206.07253774407536
918, -206.23685074796492
919, -206.4010483778037
920, -206.56513084321784
921, -206.7290983532198
922, -206.89295111620947
923, -207.05668933997742
924, -207.2203132317079
925, -207.38382299798002
926, -207.54721884477067
927, -207.71050097745797
928, -207.87366960082204
929, -208.03672491904854
930, -208.19966713573035
931, -208.36249645387022
932, -208.52521307588358
933, -208.68781720360028
934, -208.8503090382668
935, -209.0126887805494
936, -209.17495663053546
937, -209.33711278773683
938, -209.49915745109058
939, -209.6610908189632
940, -209.82291308915126
941, -209.9846244588847
942, -210.14622512482822
943, -210.30771528308412
944, -210.46909512919444
945, -210.63036485814348
946, -210.79152466435835
947, -210.952574741714
948, -211.11351528353214
949, -211.2743464825869
950, -211.4350685311033
951, -211.59568162076232
952, -211.75618594270168
953, -211.9165816875185
954, -212.07686904527054
955, -212.2370482054797
956, -212.39711935713194
957, -212.5570826886826
958, -212.71693838805515
959, -212.87668664264527
960, -213.03632763932183
961, -213.1958615644304
962, -213.35528860379327
963, -213.51460894271315
964, -213.67382276597425
965, -213.8329302578444
966, -213.99193160207756
967, -214.15082698191543
968, -214.3096165800888
969, -214.46830057882096
970, -214.62687915982838
971, -214.7853525043231
972, -214.94372079301456
973, -215.10198420611198
974, -215.2601429233256
975, -215.41819712386882
976, -215.57614698646046
977, -215.73399268932633
978, -215.8917344102008
979, -216.04937232632915
980, -216.20690661446918
981, -216.3643374508938
982, -216.52166501139118
983, -216.67888947126812
984, -216.83601100535134
985, -216.9930297879897
986, -217.14994599305464
987, -217.30675979394402
988, -217.46347136358224
989, -217.6200808744229
990, -217.77658849844988
991, -217.93299440718022
992, -218.08929877166406
993, -218.24550176248886
994, -218.40160354977866
995, -218.55760430319765
996, -218.71350419195028
997, -218.8693033847852
998, -219.02500204999444
999, -219.18060035541635
1000, -219.33609846843785
1001, -219.491496555995
1002, -219.64679478457538
1003, -219.8019933202196
1004, -219.95709232852187
1005, -220.1120919746345
1006, -220.26699242326595
1007, -220.4217938386853
1008, -220.57649638472196
1009, -220.73110022476897
1010, -220.88560552178285
1011, -221.04001243828714
1012, -221.1943211363715
1013, -221.3485317776965
1014, -221.50264452349188
1015, -221.6566595345604
1016, -221.81057697127903
1017, -221.96439699359928
1018, -222.11811976105048
1019, -222.2717454327401
1020, -222.42527416735538
1021, -222.57870612316583
1022, -222.73204145802345
1023, -222.8852803293653
1024, -223.03842289421414
1025, -223.1914693091809
1026, -223.344419730465
1027, -223.49727431385702
1028, -223.65003321473944
1029, -223.8026965880881
1030, -223.95526458847428
1031, -224.10773737006537
1032, -224.26011508662668
1033, -224.41239789152337
1034, -224.56458593772106
1035, -224.7166793777874
1036, -224.86867836389433
1037, -225.02058304781872
1038, -225.17239358094355
1039, -225.32411011425995
1040, -225.47573279836865
1041, -225.627261783481
1042, -225.77869721942
1043, -225.93003925562255
1044, -226.0812880411405
1045, -226.23244372464183
1046, -226.38350645441187
1047, -226.53447637835518
1048, -226.68535364399645
1049, -226.83613839848238
1050, -226.9868307885822
1051, -227.1374309606897
1052, -227.28793906082421
1053, -227.43835523463235
1054, -227.5886796273885
1055, -227.73891238399688
1056, -227.88905364899267
1057, -228.0391035665432
1058, -228.1890622804492
1059, -228.33892993414634
1060, -228.48870667070594
1061, -228.6383926328374
1062, -228.78798796288777
1063, -228.93749280284453
1064, -229.08690729433624
1065, -229.23623157863346
1066, -229.3854657966508
1067, -229.5346100889476
1068, -229.68366459572871
1069, -229.83262945684737
1070, -229.98150481180448
1071, -230.1302907997508
1072, -230.27898755948854
1073, -230.42759522947142
1074, -230.57611394780702
1075, -230.72454385225706
1076, -230.87288508023948
1077, -231.02113776882925
1078, -231.16930205475876
1079, -231.31737807442028
1080, -231.46536596386636
1081, -231.61326585881125
1082, -231.76107789463174
1083, -231.90880220636927
1084, -232.05643892872968
1085, -232.20398819608522
1086, -232.35145014247576
1087, -232.49882490160962
1088, -232.64611260686445
1089, -232.7933133912893
1090, -232.9404273876046
1091, -233.08745472820374
1092, -233.23439554515483
1093, -233.381249970201
1094, -233.52801813476128
1095, -233.6747001699324
1096, -233.8212962064896
1097, -233.96780637488837
1098, -234.1142308052639
1099, -234.26056962743348
1100, -234.40682297089757
1101, -234.55299096484032
1102, -234.6990737381309
1103, -234.84507141932454
1104, -234.9909841366632
1105, -235.136812018078
1106, -235.28255519118784
1107, -235.42821378330302
1108, -235.57378792142447
1109, -235.7192777322458
1110, -235.86468334215374
1111, -236.01000487722945
1112, -236.15524246324935
1113, -236.30039622568654
1114, -236.44546628971125
1115, -236.5904527801921
1116, -236.7353558216971
1117, -236.88017553849545
1118, -237.02491205455647
1119, -237.16956549355257
1120, -237.31413597885978
1121, -237.45862363355798
1122, -237.60302858043258
1123, -237.74735094197524
1124, -237.89159084038533
1125, -238.0357483975697
1126, -238.1798237351452
1127, -238.32381697443805
1128, -238.46772823648632
1129, -238.61155764203977
1130, -238.7553053115612
1131, -238.89897136522723
1132, -239.0425559229294
1133, -239.18605910427573
1134, -239.32948102859007
1135, -239.47282181491437
1136, -239.61608158200875
1137, -239.75926044835387
1138, -239.90235853215017
1139, -240.04537595131887
1140, -240.18831282350413
1141, -240.33116926607363
1142, -240.47394539611787
1143, -240.61664133045338
1144, -240.75925718562212
1145, -240.90179307789288
1146, -241.0442491232618
1147, -241.18662543745347
1148, -241.3289221359223
1149, -241.47113933385288
1150, -241.61327714616027
1151, -241.7553356874921
1152, -241.8973150722286
1153, -242.03921541448392
1154, -242.18103682810613
1155, -242.32277942667974
1156, -242.46444332352428
1157, -242.60602863169754
1158, -242.74753546399438
1159, -242.88896393294885
1160, -243.03031415083444
1161, -243.1715862296652
1162, -243.3127802811963
1163, -243.4538964169252
1164, -243.59493474809187
1165, -243.73589538568058
1166, -243.87677844041968
1167, -244.0175840227829
1168, -244.15831224299075
1169, -244.29896321100966
1170, -244.43953703655473
1171, -244.58003382908907
1172, -244.7204536978254
1173, -244.86079675172675
1174, -245.00106309950638
1175, -245.1412528496303
1176, -245.2813661103163
1177, -245.42140298953564
1178, -245.56136359501363
1179, -245.70124803423028
1180, -245.8410564144217
1181, -245.98078884258007
1182, -246.12044542545436
1183, -246.26002626955164
1184, -246.39953148113818
1185, -246.538961166239
1186, -246.6783154306396
1187, -246.8175943798858
1188, -246.95679811928596
1189, -247.0959267539107
1190, -247.2349803885927
1191, -247.37395912793
1192, -247.51286307628425
1193, -247.65169233778272
1194, -247.7904470163188
1195, -247.92912721555274
1196, -248.0677330389119
1197, -248.20626458959248
1198, -248.34472197055925
1199, -248.48310528454635
1200, -248.62141463405897
1201, -248.75965012137283
1202, -248.89781184853575
1203, -249.03589991736806
1204, -249.1739144294628
1205, -249.3118554861877
1206, -249.44972318868406
1207, -249.58751763786938
1208, -249.72523893443645
1209, -249.86288717885532
1210, -250.00046247137277
1211, -250.1379649120139
1212, -250.27539460058256
1213, -250.4127516366617
1214, -250.55003611961467
1215, -250.687248148585
1216, -250.824387822498
1217, -250.96145524006113
1218, -251.0984504997641
1219, -251.23537369988037
1220, -251.37222493846673
1221, -251.50900431336618
1222, -251.64571192220535
1223, -251.7823478623975
1224, -251.91891223114283
1225, -252.05540512542836
1226, -252.19182664202924
1227, -252.32817687750924
1228, -252.4644559282209
1229, -252.60066389030715
1230, -252.7368008597009
1231, -252.87286693212673
1232, -253.00886220309985
1233, -253.14478676792908
1234, -253.2806407217156
1235, -253.4164241593537
1236, -253.5521371755326
1237, -253.68777986473663
1238, -253.8233523212441
1239, -253.95885463913078
1240, -254.09428691226856
1241, -254.22964923432676
1242, -254.36494169877164
1243, -254.50016439886952
1244, -254.63531742768453
1245, -254.7704008780811
1246, -254.9054148427233
1247, -255.04035941407665
1248, -255.17523468440766
1249, -255.3100407457856
1250, -255.4447776900812
1251, -255.57944560896954
1252, -255.71404459392852
1253, -255.84857473624095
1254, -255.98303612699453
1255, -256.117428857082
1256, -256.2517530172032
1257, -256.3860086978633
1258, -256.5201959893759
1259, -256.6543149818617
1260, -256.7883657652494
1261, -256.9223484292779
1262, -257.05626306349427
1263, -257.1901097572561
1264, -257.32388859973184
1265, -257.4575996799007
1266, -257.5912430865536
1267, -257.72481890829386
1268, -257.8583272335377
1269, -257.99176815051453
1270, -258.12514174726743
1271, -258.25844811165405
1272, -258.39168733134704
1273, -258.52485949383504
1274, -258.6579646864212
1275, -258.79100299622746
1276, -258.92397451019076
1277, -259.05687931506736
1278, -259.18971749743037
1279, -259.3224891436721
1280, -259.45519434000414
1281, -259.587833172458
1282, -259.7204057268848
1283, -259.85291208895717
1284, -259.9853523441684
1285, -260.1177265778339
1286, -260.2500348750914
1287, -260.3822773209014
1288, -260.5144540000474
1289, -260.6465649971375
1290, -260.77861039660354
1291, -260.9105902827022
1292, -261.0425047395155
1293, -261.174353850952
1294, -261.3061377007456
1295, -261.43785637245776
1296, -261.5695099494768
1297, -261.70109851501934
1298, -261.83262215212983
1299, -261.9640809436819
1300, -262.09547497237804
1301, -262.2268043207513
1302, -262.358069071164
1303, -262.4892693058099
1304, -262.62040510671363
1305, -262.75147655573187
1306, -262.88248373455315
1307, -263.0134267246989
1308, -263.14430560752305
1309, -263.2751204642144
1310, -263.4058713757944
1311, -263.5365584231197
1312, -263.66718168688203
1313, -263.79774124760866
1314, -263.9282371856624
1315, -264.0586695812425
1316, -264.1890385143854
1317, -264.3193440649645
1318, -264.44958631269117
1319, -264.57976533711496
1320, -264.7098812176239
1321, -264.8399340334453
1322, -264.9699238636463
1323, -265.0998507871333
1324, -265.22971488265387
1325, -265.35951622879656
1326, -265.48925490399085
1327, -265.61893098650773
1328, -265.7485445544613
1329, -265.8780956858079
1330, -266.0075844583466
1331, -266.13701094972055
1332, -266.2663752374167
1333, -266.3956773987669
1334, -266.52491751094647
1335, -266.6540956509775
1336, -266.7832118957268
1337, -266.9122663219084
1338, -267.0412590060812
1339, -267.1701900246529
1340, -267.29905945387725
1341, -267.4278673698565
1342, -267.55661384854113
1343, -267.68529896572954
1344, -267.8139227970703
1345, -267.94248541806087
1346, -268.07098690404837
1347, -268.19942733023095
1348, -268.32780677165647
1349, -268.45612530322535
1350, -268.58438299968805
1351, -268.712579935648
1352, -268.8407161855605
1353, -268.96879182373357
1354, -269.0968069243289
1355, -269.2247615613609
1356, -269.3526558086987
1357, -269.48048974006576
1358, -269.60826342903954
1359, -269.7359769490532
1360, -269.8636303733956
1361, -269.991223775211
1362, -270.1187572275005
1363, -270.2462308031214
1364, -270.3736445747885
1365, -270.5009986150741
1366, -270.62829299640816
1367, -270.75552779107863
1368, -270.88270307123287
1369, -271.0098189088766
1370, -271.1368753758751
1371, -271.2638725439533
1372, -271.3908104846968
1373, -271.5176892695513
1374, -271.64450896982316
1375, -271.7712696566807
1376, -271.8979714011534
1377, -272.024614274133
1378, -272.15119834637323
1379, -272.2777236884913
1380, -272.4041903709664
1381, -272.5305984641427
1382, -272.65694803822726
1383, -272.78323916329134
1384, -272.909471909271
1385, -273.0356463459675
1386, -273.16176254304696
1387, -273.2878205700415
1388, -273.41382049634865
1389, -273.5397623912337
1390, -273.665646323827
1391, -273.7914723631271
1392, -273.9172405779992
1393, -274.0429510371772
1394, -274.16860380926266
1395, -274.2941989627251
1396, -274.4197365659037
1397, -274.54521668700704
1398, -274.67063939411196
1399, -274.7960047551662
1400, -274.92131283798767
1401, -275.0465637102644
1402, -275.17175743955556
1403, -275.2968940932916
1404, -275.4219737387742
1405, -275.5469964431775
1406, -275.6719622735478
1407, -275.7968712968037
1408, -275.9217235797365
1409, -276.04651918901175
1410, -276.17125819116734
1411, -276.29594065261585
1412, -276.42056663964377
1413, -276.54513621841295
1414, -276.66964945495886
1415, -276.7941064151929
1416, -276.9185071649023
1417, -277.04285176974963
1418, -277.1671402952742
1419, -277.2913728068909
1420, -277.41554936989235
1421, -277.53967004944843
1422, -277.6637349106061
1423, -277.78774401828946
1424, -277.9116974373019
1425, -278.0355952323249
1426, -278.15943746791845
1427, -278.2832242085218
1428, -278.40695551845306
1429, -278.5306314619112
1430, -278.6542521029737
1431, -278.7778175055996
1432, -278.9013277336278
1433, -279.0247828507785
1434, -279.14818292065297
1435, -279.271528006734
1436, -279.39481817238584
1437, -279.5180534808561
1438, -279.64123399527364
1439, -279.76435977865026
1440, -279.88743089388106
1441, -280.01044740374493
1442, -280.13340937090356
1443, -280.2563168579027
1444, -280.37916992717294
1445, -280.5019686410286
1446, -280.62471306167004
1447, -280.74740325118125
1448, -280.8700392715325
1449, -280.9926211845799
1450, -281.1151490520649
1451, -281.23762293561595
1452, -281.36004289674725
1453, -281.48240899686107
1454, -281.60472129724565
1455, -281.72697985907723
1456, -281.8491847434194
1457, -281.9713360112247
1458, -282.09343372333285
1459, -282.2154779404725
1460, -282.3374687232616
1461, -282.45940613220694
1462, -282.5812902277039
1463, -282.7031210700393
1464, -282.82489871938833
1465, -282.94662323581747
1466, -283.0682946792832
1467, -283.18991310963247
1468, -283.3114785866045
1469, -283.4329911698287
1470, -283.55445091882643
1471, -283.6758578930114
1472, -283.7972121516889
1473, -283.9185137540567
1474, -284.0397627592058
1475, -284.16095922611953
1476, -284.28210321367465
1477, -284.40319478064225
1478, -284.5242339856858
1479, -284.6452208873636
1480, -284.7661555441281
1481, -284.88703801432666
1482, -285.0078683562008
1483, -285.1286466278875
1484, -285.2493728874192
1485, -285.37004719272386
1486, -285.4906696016253
1487, -285.6112401718434
1488, -285.73175896099406
1489, -285.852226026591
1490, -285.9726414260433
1491, -286.0930052166584
1492, -286.2133174556408
1493, -286.3335782000921
1494, -286.4537875070125
1495, -286.5739454333003
1496, -286.69405203575184
1497, -286.8141073710624
1498, -286.9341114958262
1499, -287.0540644665365
1500, -287.1739663395857
1501, -287.2938171712667
1502, -287.41361701777146
1503, -287.53336593519236
1504, -287.65306397952224
1505, -287.7727112066549
1506, -287.8923076723843
1507, -288.01185343240616
1508, -288.1313485423167
1509, -288.2507930576153
1510, -288.37018703370165
1511, -288.4895305258783
1512, -288.60882358934987
1513, -288.72806627922375
1514, -288.84725865051007
1515, -288.9664007581217
1516, -289.0854926568751
1517, -289.2045344014905
1518, -289.32352604659116
1519, -289.4424676467047
1520, -289.56135925626324
1521, -289.68020092960296
1522, -289.79899272096463
1523, -289.91773468449435
1524, -290.0364268742428
1525, -290.1550693441667
1526, -290.27366214812787
1527, -290.39220533989385
1528, -290.5106989731388
1529, -290.62914310144265
1530, -290.7475377782921
1531, -290.8658830570803
1532, -290.98417899110746
1533, -291.10242563358156
1534, -291.22062303761675
1535, -291.338771256236
1536, -291.45687034236926
1537, -291.57492034885536
1538, -291.69292132844055
1539, -291.8108733337799
1540, -291.9287764174376
1541, -292.0466306318864
1542, -292.16443602950835
1543, -292.28219266259464
1544, -292.39990058334604
1545, -292.51755984387376
1546, -292.63517049619816
1547, -292.7527325922506
1548, -292.87024618387204
1549, -292.98771132281536
1550, -293.1051280607429
1551, -293.22249644922886
1552, -293.33981653975866
1553, -293.45708838372957
1554, -293.5743120324496
1555, -293.69148753713955
1556, -293.808614948932
1557, -293.9256943188726
1558, -294.04272569791794
1559, -294.1597091369391
1560, -294.27664468671867
1561, -294.3935323979539
1562, -294.5103723212542
1563, -294.627164507143
1564, -294.7439090060575
1565, -294.860605868349
1566, -294.97725514428294
1567, -295.0938568840389
1568, -295.2104111377113
1569, -295.32691795530945
1570, -295.4433773867571
1571, -295.5597894818941
1572, -295.67615429047464
1573, -295.7924718621697
1574, -295.9087422465649
1575, -296.0249654931624
1576, -296.1411416513805
1577, -296.2572707705541
1578, -296.37335289993393
1579, -296.4893880886882
1580, -296.60537638590165
1581, -296.7213178405773
1582, -296.8372125016333
1583, -296.9530604179074
1584, -297.0688616381542
1585, -297.1846162110461
1586, -297.3003241851742
1587, -297.4159856090472
1588, -297.53160053109275
1589, -297.6471689996573
1590, -297.7626910630056
1591, -297.878166769322
1592, -297.99359616670984
1593, -298.1089793031921
1594, -298.2243162267109
1595, -298.3396069851286
1596, -298.45485162622754
1597, -298.5700501977101
1598, -298.68520274719924
1599, -298.8003093222378
1600, -298.91536997029004
1601, -299.0303847387411
1602, -299.14535367489657
1603, -299.2602768259843
1604, -299.3751542391524
1605, -299.48998596147203
1606, -299.6047720399346
1607, -299.7195125214545
1608, -299.8342074528683
1609, -299.9488568809347
1610, -300.06346085233474
1611, -300.17801941367213
1612, -300.29253261147414
1613, -300.4070004921904
1614, -300.5214231021939
1615, -300.6358004877811
1616, -300.75013269517217
1617, -300.86441977051084
1618, -300.9786617598653
1619, -301.0928587092267
1620, -301.2070106645115
1621, -301.32111767156016
1622, -301.43517977613806
1623, -301.549197023935
1624, -301.66316946056565
1625, -301.7770971315704
1626, -301.8909800824148
1627, -302.00481835848916
1628, -302.11861200511
1629, -302.23236106752006
1630, -302.34606559088706
1631, -302.45972562030545
1632, -302.573341200796
1633, -302.68691237730593
1634, -302.8004391947087
1635, -302.91392169780534
1636, -303.0273599313226
1637, -303.14075393991607
1638, -303.2541037681676
1639, -303.36740946058603
1640, -303.48067106160863
1641, -303.5938886156006
1642, -303.70706216685426
1643, -303.8201917595908
1644, -303.9332774379591
1645, -304.0463192460371
1646, -304.1593172278307
1647, -304.272271427275
1648, -304.38518188823355
1649, -304.4980486544997
1650, -304.6108717697949
1651, -304.7236512777714
1652, -304.83638722200965
1653, -304.9490796460208
1654, -305.06172859324533
1655, -305.1743341070536
1656, -305.2868962307466
1657, -305.3994150075554
1658, -305.51189048064157
1659, -305.6243226930974
1660, -305.73671168794544
1661, -305.84905750814016
1662, -305.9613601965664
1663, -306.07361979604013
1664, -306.1858363493093
1665, -306.2980098990529
1666, -306.4101404878819
1667, -306.5222281583392
1668, -306.6342729528992
1669, -306.74627491396893
1670, -306.85823408388774
1671, -306.9701505049271
1672, -307.08202421929127
1673, -307.1938552691171
1674, -307.3056436964745
1675, -307.41738954336654
1676, -307.52909285172893
1677, -307.6407536634317
1678, -307.7523720202772
1679, -307.86394796400214
1680, -307.9754815362768
1681, -308.08697277870544
1682, -308.1984217328263
1683, -308.309828440112
1684, -308.42119294196914
1685, -308.5325152797392
1686, -308.6437954946982
1687, -308.7550336280565
1688, -308.8662297209603
1689, -308.97738381448994
1690, -309.0884959496615
1691, -309.19956616742627
1692, -309.31059450867065
1693, -309.42158101421774
1694, -309.53252572482495
1695, -309.6434286811867
1696, -309.7542899239329
1697, -309.86510949363026
1698, -309.97588743078074
1699, -310.086623775824
1700, -310.19731856913495
1701, -310.3079718510269
1702, -310.41858366174836
1703, -310.5291540414861
1704, -310.639683030363
1705, -310.75017066844043
1706, -310.8606169957159
1707, -310.97102205212514
1708, -311.08138587754183
1709, -311.19170851177694
1710, -311.30198999457946
1711, -311.4122303656367
1712, -311.5224296645739
1713, -311.6325879309552
1714, -311.7427052042823
1715, -311.85278152399644
1716, -311.9628169294773
1717, -312.0728114600432
1718, -312.1827651549514
1719, -312.29267805339896
1720, -312.4025501945214
1721, -312.51238161739445
1722, -312.6221723610324
1723, -312.7319224643903
1724, -312.8416319663619
1725, -312.951300905782
1726, -313.06092932142417
1727, -313.17051725200326
1728, -313.2800647361739
1729, -313.38957181253113
1730, -313.4990385196106
1731, -313.6084648958888
1732, -313.71785097978284
1733, -313.8271968096508
1734, -313.93650242379215
1735, -314.04576786044686
1736, -314.1549931577963
1737, -314.2641783539642
1738, -314.3733234870149
1739, -314.48242859495474
1740, -314.59149371573164
1741, -314.70051888723606
1742, -314.80950414729955
1743, -314.91844953369684
1744, -315.0273550841439
1745, -315.13622083630037
1746, -315.24504682776717
1747, -315.3538330960887
1748, -315.4625796787519
1749, -315.57128661318677
1750, -315.6799539367655
1751, -315.7885816868047
1752, -315.8971699005633
1753, -316.00571861524384
1754, -316.11422786799267
1755, -316.2226976958992
1756, -316.331128135997
1757, -316.43951922526344
1758, -316.5478710006198
1759, -316.6561834989311
1760, -316.764456757007
1761, -316.8726908116016
1762, -316.98088569941285
1763, -317.0890414570837
1764, -317.1971581212017
1765, -317.30523572829895
1766, -317.41327431485274
1767, -317.5212739172854
1768, -317.6292345719635
1769, -317.73715631520054
1770, -317.8450391832539
1771, -317.95288321232704
1772, -318.0606884385685
1773, -318.1684548980737
1774, -318.27618262688213
1775, -318.3838716609806
1776, -318.4915220363017
1777, -318.5991337887235
1778, -318.70670695407125
1779, -318.81424156811545
1780, -318.9217376665739
1781, -319.029195285111
1782, -319.13661445933747
1783, -319.2439952248109
1784, -319.3513376170358
1785, -319.4586416714641
1786, -319.5659074234944
1787, -319.6731349084723
1788, -319.78032416169174
1789, -319.8874752183931
1790, -319.99458811376496
1791, -320.1016628829432
1792, -320.2086995610115
1793, -320.3156981830017
1794, -320.42265878389355
1795, -320.5295813986147
1796, -320.636466062041
1797, -320.7433128089972
1798, -320.85012167425566
1799, -320.95689269253785
1800, -321.06362589851324
1801, -321.17032132680094
1802, -321.276979011968
1803, -321.3835989885313
1804, -321.49018129095555
1805, -321.5967259536559
1806, -321.7032330109964
1807, -321.80970249728966
1808, -321.91613444679854
1809, -322.0225288937356
1810, -322.12888587226234
1811, -322.23520541649054
1812, -322.3414875604815
1813, -322.4477323382472
1814, -322.553939783749
1815, -322.66010993089856
1816, -322.76624281355805
1817, -322.8723384655399
1818, -322.97839692060677
1819, -323.0844182124723
1820, -323.19040237480056
1821, -323.29634944120653
1822, -323.40225944525594
1823, -323.5081324204656
1824, -323.61396840030307
1825, -323.71976741818787
1826, -323.8255295074898
1827, -323.931254701531
1828, -324.03694303358384
1829, -324.14259453687396
1830, -324.24820924457674
1831, -324.353787189821
1832, -324.45932840568616
1833, -324.56483292520454
1834, -324.67030078135986
1835, -324.7757320070882
1836, -324.88112663527806
1837, -324.9864846987698
1838, -325.09180623035695
1839, -325.19709126278474
1840, -325.30233982875154
1841, -325.40755196090845
1842, -325.512727691859
1843, -325.6178670541601
1844, -325.72297008032126
1845, -325.8280368028052
1846, -325.9330672540282
1847, -326.03806146635884
1848, -326.1430194721205
1849, -326.2479413035886
1850, -326.35282699299296
1851, -326.457676572517
1852, -326.56249007429744
1853, -326.6672675304254
1854, -326.7720089729455
1855, -326.8767144338566
1856, -326.98138394511125
1857, -327.08601753861683
1858, -327.19061524623476
1859, -327.2951770997804
1860, -327.39970313102447
1861, -327.5041933716915
1862, -327.60864785346064
1863, -327.71306660796665
1864, -327.81744966679764
1865, -327.9217970614983
1866, -328.02610882356703
1867, -328.13038498445815
1868, -328.2346255755806
1869, -328.3388306282992
1870, -328.4430001739331
1871, -328.5471342437579
1872, -328.6512328690044
1873, -328.7552960808589
1874, -328.8593239104639
1875, -328.9633163889164
1876, -329.06727354727093
1877, -329.1711954165372
1878, -329.2750820276806
1879, -329.3789334116233
1880, -329.4827495992432
1881, -329.5865306213751
1882, -329.6902765088099
1883, -329.7939872922948
1884, -329.8976630025335
1885, -330.001303670187
1886, -330.1049093258721
1887, -330.20848000016304
1888, -330.312015723591
1889, -330.41551652664407
1890, -330.518982439767
1891, -330.62241349336216
1892, -330.72580971778893
1893, -330.8291711433643
1894, -330.9324978003623
1895, -331.03578971901436
1896, -331.1390469295101
1897, -331.24226946199644
1898, -331.3454573465774
1899, -331.4486106133161
1900, -331.5517292922325
1901, -331.65481341330496
1902, -331.75786300646985
1903, -331.86087810162155
1904, -331.963858728613
1905, -332.06680491725524
1906, -332.1697166973173
1907, -332.2725940985274
1908, -332.37543715057166
1909, -332.4782458830955
1910, -332.5810203257022
1911, -332.6837605079544
1912, -332.7864664593734
1913, -332.88913820944003
1914, -332.9917757875928
1915, -333.0943792232305
1916, -333.1969485457107
1917, -333.2994837843503
1918, -333.4019849684254
1919, -333.5044521271716
1920, -333.6068852897837
1921, -333.7092844854167
1922, -333.8116497431845
1923, -333.9139810921615
1924, -334.0162785613811
1925, -334.11854217983716
1926, -334.2207719764831
1927, -334.32296798023253
1928, -334.42513021995944
1929, -334.52725872449764
1930, -334.62935352264094
1931, -334.7314146431439
1932, -334.83344211472183
1933, -334.9354359660498
1934, -335.0373962257637
1935, -335.1393229224599
1936, -335.2412160846959
1937, -335.34307574098955
1938, -335.44490191982004
1939, -335.5466946496266
1940, -335.64845395881036
1941, -335.75017987573347
1942, -335.8518724287185
1943, -335.95353164604967
1944, -336.05515755597276
1945, -336.1567501866946
1946, -336.25830956638356
1947, -336.3598357231692
1948, -336.46132868514337
1949, -336.5627884803589
1950, -336.664215136831
1951, -336.7656086825357
1952, -336.866969145412
1953, -336.9682965533599
1954, -337.0695909342422
1955, -337.1708523158835
1956, -337.27208072607004
1957, -337.37327619255166
1958, -337.4744387430387
1959, -337.57556840520544
1960, -337.67666520668706
1961, -337.7777291750832
1962, -337.8787603379544
1963, -337.97975872282495
1964, -338.08072435718066
1965, -338.1816572684713
1966, -338.28255748410913
1967, -338.3834250314692
1968, -338.48425993788953
1969, -338.5850622306715
1970, -338.68583193707923
1971, -338.7865690843405
1972, -338.8872736996458
1973, -338.98794581014977
1974, -339.0885854429696
1975, -339.1891926251865
1976, -339.28976738384506
1977, -339.3903097459536
1978, -339.49081973848376
1979, -339.5912973883716
1980, -339.6917427225161
1981, -339.7921557677812
1982, -339.8925365509939
1983, -339.9928850989455
1984, -340.09320143839136
1985, -340.19348559605135
1986, -340.29373759860925
1987, -340.3939574727128
1988, -340.49414524497456
1989, -340.5943009419716
1990, -340.69442459024503
1991, -340.7945162163011
1992, -340.89457584660954
1993, -340.99460350760637
1994, -341.0945992256911
1995, -341.19456302722836
1996, -341.2944949385478
1997, -341.39439498594413
1998, -341.4942631956768
1999, -341.59409959397044
2000, -341.6939042070147
2001, -341.7936770609648
2002, -341.89341818194043
2003, -341.9931275960274
2004, -342.0928053292763
2005, -342.1924514077043
2006, -342.2920658572924
2007, -342.3916487039885
2008, -342.4911999737052
2009, -342.59071969232184
2010, -342.69020788568275
2011, -342.78966457959825
2012, -342.88908979984444
2013, -342.9884835721639
2014, -343.08784592226436
2015, -343.18717687582046
2016, -343.2864764584725
2017, -343.3857446958276
2018, -343.484981613458
2019, -343.58418723690306
2020, -343.68336159166824
2021, -343.7825047032262
2022, -343.88161659701495
2023, -343.9806972984394
2024, -344.07974683287193
2025, -344.1787652256504
2026, -344.2777525020805
2027, -344.3767086874334
2028, -344.47563380694885
2029, -344.57452788583214
2030, -344.67339094925626
2031, -344.7722230223608
2032, -344.8710241302524
2033, -344.9697942980057
2034, -345.06853355066164
2035, -345.1672419132292
2036, -345.26591941068364
2037, -345.3645660679691
2038, -345.4631819099958
2039, -345.5617669616422
2040, -345.66032124775415
2041, -345.7588447931453
2042, -345.85733762259656
2043, -345.9557997608574
2044, -346.05423123264393
2045, -346.1526320626417
2046, -346.2510022755024
2047, -346.34934189584715
2048, -346.44765094826437
2049, -346.54592945731076
2050, -346.6441774475111
2051, -346.7423949433585
2052, -346.84058196931437
2053, -346.93873854980825
2054, -347.0368647092381
2055, -347.1349604719709
2056, -347.2330258623408
2057, -347.33106090465185
2058, -347.42906562317637
2059, -347.527040042155
2060, -347.62498418579673
2061, -347.72289807828054
2062, -347.82078174375306
2063, -347.9186352063309
2064, -348.01645849009833
2065, -348.1142516191095
2066, -348.2120146173878
2067, -348.3097475089247
2068, -348.40745031768176
2069, -348.5051230675898
2070, -348.6027657825482
2071, -348.7003784864261
2072, -348.79796120306173
2073, -348.89551395626347
2074, -348.9930367698083
2075, -349.0905296674432
2076, -349.18799267288466
2077, -349.2854258098191
2078, -349.3828291019023
2079, -349.4802025727596
2080, -349.5775462459867
2081, -349.67486014514895
2082, -349.77214429378114
2083, -349.8693987153889
2084, -349.96662343344735
2085, -350.06381847140176
2086, -350.1609838526673
2087, -350.2581196006299
2088, -350.3552257386449
2089, -350.4523022900389
2090, -350.54934927810825
2091, -350.6463667261196
2092, -350.7433546573103
2093, -350.8403130948881
2094, -350.9372420620314
2095, -351.0341415818889
2096, -351.1310116775803
2097, -351.2278523721959
2098, -351.3246636887966
2099, -351.4214456504143
2100, -351.51819828005114
2101, -351.61492160068167
2102, -351.7116156352497
2103, -351.808280406671
2104, -351.9049159378317
2105, -352.00152225159
2106, -352.09809937077455
2107, -352.1946473181854
2108, -352.2911661165939
2109, -352.3876557887427
2110, -352.48411635734556
2111, -352.5805478450877
2112, -352.6769502746264
2113, -352.7733236685898
2114, -352.86966804957774
2115, -352.9659834401617
2116, -353.06226986288505
2117, -353.15852734026214
2118, -353.2547558947799
2119, -353.35095554889676
2120, -353.44712632504286
2121, -353.5432682456204
2122, -353.6393813330035
2123, -353.7354656095383
2124, -353.83152109754235
2125, -353.9275478193068
2126, -354.02354579709356
2127, -354.119515053137
2128, -354.2154556096441
2129, -354.31136748879396
2130, -354.4072507127378
2131, -354.5031053035998
2132, -354.5989312834756
2133, -354.6947286744347
2134, -354.7904974985173
2135, -354.88623777773796
2136, -354.9819495340828
2137, -355.07763278951063
2138, -355.1732875659536
2139, -355.2689138853161
2140, -355.36451176947526
2141, -355.4600812402816
2142, -355.55562231955787
2143, -355.6511350291004
2144, -355.7466193906778
2145, -355.8420754260327
2146, -355.9375031568794
2147, -356.0329026049068
2148, -356.128273791776
2149, -356.223616739122
2150, -356.31893146855236
2151, -356.41421800164835
2152, -356.50947635996454
2153, -356.604706565029
2154, -356.69990863834323
2155, -356.79508260138186
2156, -356.8902284755935
2157, -356.9853462824003
2158, -357.08043604319766
2159, -357.17549777935517
2160, -357.2705315122158
2161, -357.36553726309614
2162, -357.46051505328694
2163, -357.5554649040529
2164, -357.65038683663204
2165, -357.745280872237
2166, -357.8401470320538
2167, -357.93498533724267
2168, -358.0297958089383
2169, -358.12457846824884
2170, -358.2193333362575
2171, -358.31406043402035
2172, -358.40875978256884
2173, -358.50343140290875
2174, -358.5980753160194
2175, -358.69269154285485
2176, -358.78728010434384
2177, -358.88184102138916
2178, -358.97637431486817
2179, -359.0708800056335
2180, -359.16535811451115
2181, -359.2598086623027
2182, -359.354231669784
2183, -359.4486271577057
2184, -359.5429951467929
2185, -359.6373356577466
2186, -359.7316487112412
2187, -359.8259343279268
2188, -359.9201925284283
2189, -360.0144233333457
2190, -360.1086267632536
2191, -360.20280283870227
2192, -360.2969515802163
2193, -360.3910730082962
2194, -360.48516714341724
2195, -360.5792340060299
2196, -360.6732736165601
2197, -360.7672859954091
2198, -360.861271162953
2199, -360.95522913954414
2200, -361.04915994550936
2201, -361.14306360115165
2202, -361.23694012674946
2203, -361.3307895425561
2204, -361.42461186880155
2205, -361.5184071256905
2206, -361.61217533340425
2207, -361.7059165120984
2208, -361.79963068190557
2209, -361.89331786293394
2210, -361.98697807526696
2211, -362.0806113389648
2212, -362.17421767406233
2213, -362.2677971005719
2214, -362.36134963848053
2215, -362.4548753077521
2216, -362.54837412832603
2217, -362.64184612011843
2218, -362.735291303021
2219, -362.8287096969018
2220, -362.92210132160517
2221, -363.0154661969524
2222, -363.1088043427394
2223, -363.2021157787401
2224, -363.29540052470384
2225, -363.3886586003573
2226, -363.48189002540244
2227, -363.5750948195183
2228, -363.66827300236105
2229, -363.7614245935624
2230, -363.8545496127314
2231, -363.9476480794531
2232, -364.0407200132904
2233, -364.1337654337815
2234, -364.2267843604427
2235, -364.3197768127659
2236, -364.4127428102207
2237, -364.50568237225355
2238, -364.5985955182874
2239, -364.6914822677221
2240, -364.7843426399352
2241, -364.87717665428056
2242, -364.9699843300897
2243, -365.06276568667056
2244, -365.1555207433088
2245, -365.24824951926746
2246, -365.3409520337859
2247, -365.43362830608146
2248, -365.5262783553487
2249, -365.61890220075975
2250, -365.71149986146304
2251, -365.80407135658584
2252, -365.89661670523174
2253, -365.9891359264824
2254, -366.0816290393967
2255, -366.1740960630119
2256, -366.2665370163413
2257, -366.35895191837756
2258, -366.4513407880894
2259, -366.54370364442434
2260, -366.6360405063075
2261, -366.72835139264157
2262, -366.82063632230665
2263, -366.9128953141616
2264, -367.0051283870421
2265, -367.097335559763
2266, -367.18951685111574
2267, -367.28167227987103
2268, -367.3738018647765
2269, -367.4659056245589
2270, -367.55798357792185
2271, -367.6500357435483
2272, -367.7420621400987
2273, -367.8340627862117
2274, -367.9260377005046
2275, -368.01798690157227
2276, -368.10991040798865
2277, -368.2018082383057
2278, -368.29368041105386
2279, -368.3855269447416
2280, -368.4773478578561
2281, -368.5691431688632
2282, -368.66091289620726
2283, -368.75265705831055
2284, -368.8443756735745
2285, -368.9360687603794
2286, -369.02773633708364
2287, -369.1193784220243
2288, -369.21099503351763
2289, -369.30258618985874
2290, -369.3941519093205
2291, -369.48569221015543
2292, -369.57720711059505
2293, -369.6686966288495
2294, -369.7601607831074
2295, -369.85159959153737
2296, -369.9430130722858
2297, -370.034401243479
2298, -370.1257641232222
2299, -370.2171017295992
2300, -370.30841408067397
