0.4, -622.6796531691498
0.405, -616.193889096481
0.41000000000000003, -609.8965924442958
0.41500000000000004, -603.7793061266904
0.42000000000000004, -597.8340598502108
0.42500000000000004, -592.0533364355468
0.43000000000000005, -586.4300408420667
0.43500000000000005, -580.9574716493848
0.44, -575.6292947750616
0.445, -570.4395192296639
0.45, -565.3824747301103
0.455, -560.452791009768
0.46, -555.6453786794259
0.465, -550.9554115072517
0.47000000000000003, -546.3783099983507
0.47500000000000003, -541.9097261657453
0.48000000000000004, -537.5455293946461
0.48500000000000004, -533.2817933108953
0.49, -529.1147835725772
0.495, -525.0409465110791
0.5, -521.0568985544602
0.505, -517.1594163719076
0.51, -513.3454276834117
0.515, -509.61200268362404
0.52, -505.9563460332361
0.525, -502.3757893751772
0.53, -498.8677843365173
0.535, -495.42989598022234
0.54, -492.0597966738618
0.545, -488.75526034506174
0.55, -485.5141570959402
0.555, -482.3344481509922
0.56, -479.21418111491886
0.5650000000000001, -476.15148551875274
0.5700000000000001, -473.144568634318
0.5750000000000001, -470.19171153861197
0.5800000000000001, -467.29126541110963
0.585, -464.44164804828256
0.5900000000000001, -461.6413405808127
0.595, -458.888884380066
0.6000000000000001, -456.1828781413869
0.605, -453.5219751326921
0.61, -450.9048805976796
0.615, -448.3303493037449
0.62, -445.79718322540606
0.625, -443.3042293546921
0.63, -440.850377630559
0.635, -438.4345589799444
0.64, -436.0557434635939
0.645, -433.7129385202606
0.65, -431.4051873033196
0.655, -429.13156710424107
0.66, -426.89118785774366
0.665, -424.68319072379245
0.67, -422.5067467419297
0.675, -420.36105555372023
0.68, -418.2453441893733
0.685, -416.15886591485423
0.69, -414.1008991360392
0.6950000000000001, -412.07074635668573
0.7, -410.06773318719746
0.7050000000000001, -408.09120740134875
0.71, -406.14053803831865
0.7150000000000001, -404.2151145475396
0.72, -402.3143459740289
0.7250000000000001, -400.4376601820074
0.73, -398.58450311474553
0.7350000000000001, -396.7543380887033
0.74, -394.9466451201431
0.7450000000000001, -393.1609202825046
0.75, -391.39667509293434
0.755, -389.6534359264511
0.76, -387.9307434563244
0.765, -386.2281521193201
0.77, -384.5452296045465
0.775, -382.8815563647082
0.78, -381.23672514864154
0.785, -379.6103405540672
0.79, -378.0020185995601
0.795, -376.4113863147872
0.8, -374.8380813481205
0.805, -373.2817515907783
0.81, -371.7420548166978
0.8150000000000001, -370.2186583373812
0.8200000000000001, -368.7112386710028
0.825, -367.2194812250992
0.8300000000000001, -365.743079992203
0.835, -364.2817372578139
0.8400000000000001, -362.8351633201315
0.845, -361.40307622100835
0.8500000000000001, -359.98520148760355
0.855, -358.5812718842515
0.8600000000000001, -357.191027174079
0.865, -355.8142138899317
0.8700000000000001, -354.4505851141914
0.875, -353.0999002670891
0.88, -351.7619249031329
0.885, -350.43643051529875
0.89, -349.123194346638
0.895, -347.8219992089819
0.9, -346.5326333084343
0.905, -345.25489007736064
0.91, -343.9885680125939
0.915, -342.7334705195933
0.92, -341.48940576230433
0.925, -340.256186518478
0.93, -339.03363004022316
0.935, -337.8215579195713
0.9400000000000001, -336.6197959588487
0.9450000000000001, -335.42817404565585
0.9500000000000001, -334.24652603226684
0.9550000000000001, -333.0746896192679
0.9600000000000001, -331.91250624326346
0.9650000000000001, -330.759820968486
0.9700000000000001, -329.616482382153
0.9750000000000001, -328.48234249342147
0.98, -327.3572566357981
0.985, -326.24108337286776
0.99, -325.1336844072109
0.995, -324.03492449238496
1., -322.9446713478509
1.005, -321.8627955767314
1.01, -320.78917058629156
1.0150000000000001, -319.72367251103833
1.02, -318.66618013833863
1.025, -317.6165748364615
1.03, -316.57474048495254
1.0350000000000001, -315.54056340725356
1.04, -314.513932305484
1.045, -313.4947381973028
1.05, -312.4828743547759
1.0550000000000002, -311.47823624517423
1.06, -310.48072147363223
1.065, -309.49022972759917
1.07, -308.50666272301874
1.0750000000000002, -307.5299241521744
1.08, -306.559919633141
1.085, -305.5965566607853
1.09, -304.63974455926046
1.0950000000000002, -303.6893944359422
1.1, -302.74541913675534
1.105, -301.8077332028427
1.1099999999999999, -300.87625282852923
1.115, -299.9508958205368
1.12, -299.0315815584066
1.125, -298.1182309560871
1.13, -297.21076642464914
1.135, -296.30911183608833
1.1400000000000001, -295.4131924881789
1.145, -294.52293507034324
1.15, -293.6382676305036
1.155, -292.75911954288244
1.1600000000000001, -291.88542147672064
1.165, -291.0171053658825
1.17, -290.1541043793193
1.175, -289.2963528923624
1.1800000000000002, -288.44378645881943
1.185, -287.5963417838475
1.19, -286.7539566975771
1.195, -285.9165701294653
1.2000000000000002, -285.0841220833515
1.205, -284.25655361319576
1.21, -283.4338067994777
1.215, -282.61582472623365
1.2200000000000002, -281.80255145871365
1.225, -280.99393202163844
1.23, -280.1899123780367
1.2349999999999999, -279.39043940864616
1.24, -278.5954608918598
1.245, -277.80492548420096
1.25, -277.0187827013117
1.255, -276.2369828994366
1.26, -275.4594772573903
1.2650000000000001, -274.6862177589908
1.27, -273.9171571759466
1.275, -273.1522490511838
1.28, -272.3914476825984
1.2850000000000001, -271.63470810722396
1.29, -270.88198608579916
1.295, -270.13323808772645
1.3, -269.38842127640766
1.3050000000000002, -268.6474934949476
1.31, -267.91041325221346
1.315, -267.1771397092408
1.32, -266.44763266597505
1.3250000000000002, -265.72185254833994
1.33, -264.9997603956224
1.335, -264.2813178481659
1.34, -263.56648713536254
1.3450000000000002, -262.8552310639363
1.35, -262.14751300650846
1.355, -261.4432968904377
1.3599999999999999, -260.7425471869271
1.365, -260.0452289003906
1.37, -259.35130755807165
1.375, -258.66074919990706
1.38, -257.9735203686293
1.385, -257.289588100101
1.3900000000000001, -256.60891991387484
1.395, -255.93148380397275
1.4, -255.25724822987902
1.4050000000000002, -254.5861821077405
1.4100000000000001, -253.91825480176993
1.415, -253.2534361158446
1.42, -252.5916962852979
1.4249999999999998, -251.93300596889608
1.4300000000000002, -251.27733624099704
1.435, -250.62465858388566
1.44, -249.97494488028087
1.4449999999999998, -249.3281674060102
1.4500000000000002, -248.68429882284786
1.455, -248.04331217151113
1.46, -247.4051808648116
1.4649999999999999, -246.76987868095722
1.4700000000000002, -246.13737975700127
1.475, -245.5076585824342
1.48, -244.88068999291497
1.4849999999999999, -244.25644916413842
1.4900000000000002, -243.6349116058345
1.495, -243.0160531558978
1.5, -242.3998499746411
1.505, -241.7862785391734
1.5100000000000002, -241.1753156378963
1.5150000000000001, -240.56693836511758
1.52, -239.96112411577852
1.525, -239.3578505802917
1.5300000000000002, -238.7570957394874
1.5350000000000001, -238.15883785966568
1.54, -237.56305548775066
1.545, -236.96972744654605
1.5500000000000003, -236.37883283008804
1.5550000000000002, -235.79035099909464
1.56, -235.204261576507
1.565, -234.62054444312346
1.5699999999999998, -234.03917973332085
1.5750000000000002, -233.4601478308639
1.58, -232.88342936479862
1.585, -232.30900520542846
1.5899999999999999, -231.73685646037143
1.5950000000000002, -231.1669644706957
1.6, -230.59931080713287
1.605, -230.03387726636555
1.6099999999999999, -229.47064586738904
1.6150000000000002, -228.90959884794432
1.62, -228.35071866102172
1.625, -227.7939879714321
1.63, -227.23938965244588
1.6350000000000002, -226.6869067824966
1.6400000000000001, -226.13652264194917
1.645, -225.58822070992966
1.65, -225.04198466121676
1.6550000000000002, -224.4977983631923
1.6600000000000001, -223.95564587285082
1.665, -223.4155114338651
1.67, -222.87737947370786
1.6750000000000003, -222.34123460082833
1.6800000000000002, -221.8070616018814
1.685, -221.2748454390088
1.69, -220.7445712471718
1.6949999999999998, -220.216224331533
1.7000000000000002, -219.6897901648874
1.705, -219.16525438514063
1.71, -218.642602792834
1.7149999999999999, -218.12182134871478
1.7200000000000002, -217.60289617135174
1.725, -217.085813534794
1.73, -216.5705598662717
1.7349999999999999, -216.05712174394003
1.7400000000000002, -215.54548589466276
1.745, -215.03563919183674
1.75, -214.52756865325466
1.755, -214.02126143900693
1.7600000000000002, -213.51670484942036
1.7650000000000001, -213.01388632303446
1.77, -212.51279343461266
1.775, -212.01341389318935
1.7800000000000002, -211.51573554015118
1.7850000000000001, -211.0197463473526
1.79, -210.52543441526333
1.795, -210.0327879711494
1.8000000000000003, -209.54179536728495
1.8050000000000002, -209.05244507919608
1.81, -208.56472570393385
1.815, -208.0786259583781
1.8199999999999998, -207.59413467757003
1.8250000000000002, -207.11124081307338
1.83, -206.62993343136378
1.835, -206.15020171224515
1.8399999999999999, -205.6720349472936
1.8450000000000002, -205.1954225383271
1.85, -204.7203539959015
1.855, -204.24681893783128
1.8599999999999999, -203.77480708773572
1.8650000000000002, -203.30430827360885
1.87, -202.83531242641374
1.875, -202.3678095786998
1.88, -201.9017898632429
1.8850000000000002, -201.43724351170846
1.8900000000000001, -200.97416085333617
1.895, -200.51253231364615
1.9, -200.0523484131669
1.9050000000000002, -199.5935997661834
1.9100000000000001, -199.13627707950587
1.915, -198.68037115125844
1.92, -198.2258728696875
1.9250000000000003, -197.77277321198903
1.9300000000000002, -197.32106324315524
1.935, -196.87073411483897
1.94, -196.42177706423706
1.9449999999999998, -195.97418341299093
1.9500000000000002, -195.52794456610476
1.955, -195.08305201088115
1.96, -194.63949731587294
1.9649999999999999, -194.19727212985214
1.9700000000000002, -193.7563681807946
1.975, -193.3167772748812
1.98, -192.87849129551353
1.9849999999999999, -192.44150220234636
1.9900000000000002, -192.00580203033354
1.995, -191.57138288879025
2., -191.13823696046825
2.005, -190.70635650064642
2.0100000000000002, -190.27573383623462
2.015, -189.8463613648919
2.02, -189.41823155415725
2.025, -188.99133694059446
2.0300000000000002, -188.5656701289494
2.035, -188.14122379132021
2.04, -187.71799066634009
2.045, -187.29596355837214
2.0500000000000003, -186.8751353367166
2.055, -186.45549893482973
2.06, -186.0370473495543
2.065, -185.61977364036156
2.07, -185.2036709286046
2.075, -184.7887323967825
2.08, -184.37495128781566
2.085, -183.96232090433142
2.09, -183.55083460796033
2.095, -183.14048581864267
2.1, -182.73126801394528
2.105, -182.32317472838798
2.11, -181.91619955277994
2.115, -181.51033613356574
2.12, -181.10557817218066
2.125, -180.70191942441537
2.13, -180.29935369978972
2.1350000000000002, -179.89787486093536
2.14, -179.49747682298752
2.145, -179.09815355298485
2.15, -178.69989906927844
2.1550000000000002, -178.30270744094864
2.16, -177.90657278723054
2.165, -177.51148927694723
2.17, -177.11745112795114
2.1750000000000003, -176.72445260657324
2.18, -176.33248802707985
2.185, -175.94155175113698
2.19, -175.5516381872824
2.195, -175.1627417904045
2.2, -174.77485706122877
2.205, -174.38797854581134
2.21, -174.00210083503913
2.215, -173.61721856413735
2.22, -173.23332641218315
2.225, -172.8504191016267
2.23, -172.46849139781773
2.235, -172.08753810853943
2.24, -171.7075540835482
2.245, -171.32853421411966
2.25, -170.95047343260094
2.255, -170.57336671196862
2.2600000000000002, -170.1972090653929
2.265, -169.8219955458077
2.27, -169.44772124548592
2.275, -169.0743812956211
2.2800000000000002, -168.70197086591378
2.285, -168.33048516416434
2.29, -167.95991943587018
2.295, -167.59026896382886
2.3000000000000003, -167.2215290677462
2.305, -166.8536951038496
2.31, -166.48676246450634
2.315, -166.12072657784694
2.32, -165.75558290739312
2.325, -165.3913269516911
2.33, -165.02795424394915
2.335, -164.66546035168008
2.34, -164.30384087634815
2.345, -163.94309145302068
2.35, -163.5832077500241
2.355, -163.22418546860416
2.36, -162.86602034259084
2.365, -162.5087081380671
2.37, -162.15224465304217
2.375, -161.7966257171288
2.38, -161.4418471912246
2.3850000000000002, -161.0879049671974
2.39, -160.73479496757463
2.395, -160.38251314523632
2.4, -160.03105548311228
2.405, -159.68041799388286
2.41, -159.33059671968337
2.415, -158.9815877318125
2.42, -158.6333871304438
2.425, -158.28599104434107
2.43, -157.93939563057734
2.435, -157.59359707425708
2.44, -157.24859158824188
2.445, -156.9043754128794
2.4499999999999997, -156.56094481573587
2.455, -156.21829609133144
2.46, -155.8764255608793
2.465, -155.53532957202745
2.4699999999999998, -155.19500449860365
2.475, -154.85544674036376
2.48, -154.51665272274286
2.485, -154.17861889660935
2.4899999999999998, -153.84134173802204
2.495, -153.50481774799013
2.5, -153.16904345223622
2.505, -152.83401540096165
2.51, -152.49973016861517
2.515, -152.166184353664
2.52, -151.83337457836777
2.525, -151.50129748855505
2.53, -151.16994975340242
2.535, -150.8393280652162
2.54, -150.50942913921688
2.545, -150.1802497133257
2.55, -149.85178654795413
2.555, -149.52403642579554
2.56, -149.19699615161926
2.565, -148.87066255206707
2.57, -148.54503247545222
2.575, -148.22010279156044
2.58, -147.89587039145349
2.585, -147.5723321872748
2.59, -147.2494851120574
2.5949999999999998, -146.92732611953403
2.6, -146.60585218394937
2.605, -146.28506029987454
2.61, -145.9649474820235
2.6149999999999998, -145.6455107650716
2.62, -145.32674720347623
2.625, -145.0086538712995
2.63, -144.6912278620328
2.635, -144.37446628842332
2.64, -144.0583662823026
2.645, -143.7429249944171
2.65, -143.42813959426036
2.655, -143.11400726990718
2.66, -142.80052522784956
2.665, -142.48769069283486
2.67, -142.17550090770487
2.675, -141.8639531332377
2.68, -141.55304464799042
2.685, -141.24277274814443
2.69, -140.93313474735143
2.695, -140.624127976582
2.7, -140.31574978397515
2.705, -140.00799753469022
2.71, -139.70086861075944
2.715, -139.39436041094302
2.7199999999999998, -139.08847035058523
2.725, -138.78319586147205
2.73, -138.47853439169089
2.735, -138.17448340549092
2.7399999999999998, -137.87104038314573
2.745, -137.5682028208169
2.75, -137.26596823041947
2.755, -136.96433413948836
2.76, -136.6632980910465
2.765, -136.3628576434744
2.77, -136.06301037038094
2.775, -135.76375386047556
2.78, -135.4650857174418
2.785, -135.16700355981226
2.79, -134.86950502084477
2.795, -134.57258774839974
2.8, -134.27624940481908
2.805, -133.98048766680614
2.81, -133.68530022530712
2.815, -133.39068478539326
2.82, -133.0966390661449
2.825, -132.80316080053603
2.83, -132.5102477353209
2.835, -132.21789763092073
2.84, -131.9261082613124
2.8449999999999998, -131.63487741391813
2.85, -131.34420288949588
2.855, -131.05408250203143
2.86, -130.76451407863112
2.8649999999999998, -130.47549545941595
2.87, -130.18702449741647
2.875, -129.8990990584692
2.88, -129.6117170211135
2.885, -129.32487627649002
2.89, -129.03857472823975
2.895, -128.75281029240443
2.9, -128.4675808973277
2.905, -128.1828844835573
2.91, -127.89871900374825
2.915, -127.61508242256735
2.92, -127.33197271659779
2.925, -127.04938787424551
2.93, -126.7673258956461
2.935, -126.48578479257287
2.94, -126.20476258834543
2.945, -125.92425731773943
2.95, -125.64426702689732
2.955, -125.36478977323969
2.96, -125.08582362537761
2.965, -124.80736666302593
2.9699999999999998, -124.5294169769171
2.975, -124.25197266871618
2.98, -123.97503185093667
2.985, -123.69859264685675
2.9899999999999998, -123.42265319043665
2.995, -123.14721162623701
3., -122.87226610933746
3.005, -122.59781480525652
3.01, -122.32385588987196
3.015, -122.05038754934198
3.02, -121.77740798002728
3.025, -121.50491538841362
3.03, -121.23290799103543
3.035, -120.96138401439988
3.04, -120.69034169491171
3.045, -120.41977927879896
3.05, -120.1496950220392
3.055, -119.88008719028639
3.06, -119.61095405879894
3.065, -119.34229391236761
3.07, -119.07410504524486
3.075, -118.80638576107432
3.08, -118.5391343728214
3.085, -118.27234920270402
3.09, -118.00602858212437
3.0949999999999998, -117.74017085160122
3.1, -117.4747743607027
3.105, -117.20983746798002
3.11, -116.94535854090131
3.1149999999999998, -116.68133595578658
3.12, -116.41776809774308
3.125, -116.15465336060106
3.13, -115.89199014685042
3.135, -115.6297768675777
3.14, -115.36801194240392
3.145, -115.10669379942266
3.15, -114.84582087513894
3.155, -114.58539161440859
3.16, -114.32540447037795
3.165, -114.06585790442479
3.17, -113.80675038609871
3.175, -113.54808039306317
3.18, -113.2898464110371
3.185, -113.03204693373789
3.19, -112.77468046282407
3.195, -112.51774550783917
3.2, -112.26124058615562
3.205, -112.00516422291963
3.21, -111.74951495099587
3.215, -111.49429131091335
3.2199999999999998, -111.23949185081136
3.225, -110.98511512638589
3.23, -110.73115970083697
3.235, -110.47762414481565
3.2399999999999998, -110.22450703637239
3.245, -109.97180696090513
3.25, -109.71952251110824
3.255, -109.46765228692195
3.26, -109.21619489548172
3.265, -108.96514895106878
3.27, -108.71451307506052
3.275, -108.46428589588166
3.28, -108.21446604895544
3.285, -107.96505217665586
3.29, -107.7160429282597
3.295, -107.46743695989935
3.3, -107.21923293451582
3.305, -106.9714295218123
3.31, -106.72402539820824
3.315, -106.47701924679335
3.32, -106.23040975728249
3.325, -105.98419562597073
3.33, -105.7383755556888
3.335, -105.49294825575893
3.34, -105.24791244195103
3.3449999999999998, -105.00326683643944
3.35, -104.75901016775967
3.355, -104.51514117076589
3.36, -104.27165858658859
3.3649999999999998, -104.02856116259241
3.37, -103.78584765233494
3.375, -103.54351681552507
3.38, -103.30156741798231
3.385, -103.05999823159607
3.39, -102.81880803428555
3.395, -102.5779956099598
3.4, -102.33755974847807
3.405, -102.09749924561075
3.41, -101.85781290300025
3.415, -101.61849952812267
3.42, -101.37955793424922
3.425, -101.14098694040848
3.43, -100.90278537134868
3.435, -100.66495205750046
3.44, -100.42748583493966
3.445, -100.19038554535078
3.45, -99.95365003599046
3.455, -99.71727815965136
3.46, -99.48126877462637
3.465, -99.24562074467309
3.47, -99.0103329389784
3.475, -98.77540423212372
3.48, -98.54083350405028
3.485, -98.30661964002466
3.4899999999999998, -98.0727615306046
3.495, -97.83925807160529
3.5, -97.60610816406577
3.505, -97.37331071421558
3.51, -97.14086463344171
3.515, -96.90876883825584
3.52, -96.67702225026193
3.525, -96.44562379612375
3.53, -96.2145724075331
3.535, -95.98386702117787
3.54, -95.7535065787108
3.545, -95.52349002671801
3.55, -95.29381631668804
3.555, -95.06448440498127
3.56, -94.8354932527992
3.565, -94.60684182615435
3.57, -94.37852909584015
3.575, -94.15055403740112
3.58, -93.92291563110338
3.585, -93.69561286190536
3.59, -93.46864471942853
3.595, -93.24201019792866
3.6, -93.0157082962673
3.605, -92.78973801788305
3.61, -92.56409837076355
3.6149999999999998, -92.3387883674175
3.62, -92.11380702484679
3.625, -91.88915336451916
3.63, -91.66482641234055
3.635, -91.44082519862826
3.64, -91.21714875808374
3.645, -90.99379612976625
3.65, -90.77076635706601
3.655, -90.54805848767805
3.66, -90.32567157357606
3.665, -90.10360467098656
3.67, -89.88185684036303
3.675, -89.66042714636063
3.68, -89.43931465781058
3.685, -89.21851844769539
3.69, -88.99803759312358
3.695, -88.7778711753052
3.7, -88.55801827952703
3.705, -88.33847799512844
3.71, -88.119249415477
3.715, -87.90033163794459
3.72, -87.68172376388348
3.725, -87.46342489860282
3.73, -87.24543415134495
3.735, -87.02775063526227
3.7399999999999998, -86.81037346739406
3.745, -86.5933017686435
3.75, -86.37653466375491
3.755, -86.16007128129115
3.76, -85.94391075361114
3.765, -85.72805221684753
3.77, -85.51249481088476
3.775, -85.29723767933687
3.78, -85.0822799695259
3.785, -84.86762083246012
3.79, -84.6532594228127
3.795, -84.43919489890018
3.8, -84.22542642266157
3.805, -84.01195315963716
3.81, -83.7987742789477
3.815, -83.58588895327372
3.82, -83.37329635883503
3.825, -83.16099567537019
3.83, -82.94898608611643
3.835, -82.73726677778939
3.84, -82.52583694056318
3.845, -82.31469576805068
3.85, -82.10384245728378
3.855, -81.8932762086938
3.86, -81.68299622609223
3.8649999999999998, -81.47300171665134
3.87, -81.26329189088511
3.875, -81.05386596263037
3.88, -80.84472314902779
3.885, -80.63586267050319
3.89, -80.42728375074915
3.895, -80.21898561670633
3.9, -80.01096749854531
3.905, -79.80322862964832
3.91, -79.59576824659125
3.915, -79.38858558912577
3.92, -79.18167990016136
3.925, -78.97505042574778
3.93, -78.76869641505758
3.935, -78.5626171203684
3.94, -78.35681179704602
3.945, -78.15127970352695
3.95, -77.94602010130139
3.955, -77.74103225489637
3.96, -77.53631543185888
3.965, -77.33186890273916
3.97, -77.12769194107415
3.975, -76.92378382337091
3.98, -76.7201438290904
3.985, -76.51677124063119
3.9899999999999998, -76.31366534331323
3.995, -76.11082542536191
4., -75.90825077789226
4.005, -75.70594069489289
4.01, -75.50389447321052
4.015000000000001, -75.30211141253417
4.0200000000000005, -75.1005908153801
4.025, -74.8993319870759
4.03, -74.69833423574558
4.035, -74.49759687229431
4.04, -74.29711921039336
4.045, -74.09690056646515
4.05, -73.89694025966836
4.055000000000001, -73.6972376118832
4.0600000000000005, -73.49779194769684
4.065, -73.29860259438871
4.07, -73.09966888191613
4.075, -72.9009901428999
4.08, -72.70256571261011
4.085, -72.50439492895194
4.09, -72.30647713245152
4.095000000000001, -72.10881166624209
4.1000000000000005, -71.91139787605006
4.105, -71.71423511018119
4.11, -71.51732271950688
4.115, -71.32066005745062
4.12, -71.12424647997446
4.125, -70.92808134556557
4.13, -70.73216401522295
4.135, -70.5364938524441
4.140000000000001, -70.34107022321196
4.1450000000000005, -70.14589249598178
4.15, -69.95096004166818
4.155, -69.7562722336321
4.16, -69.56182844766825
4.165, -69.36762806199214
4.17, -69.1736704572276
4.175, -68.9799550163941
4.180000000000001, -68.78648112489435
4.1850000000000005, -68.59324817050187
4.19, -68.40025554334866
4.195, -68.207502635913
4.2, -68.0149888430073
4.205, -67.82271356176594
4.21, -67.63067619163336
4.215, -67.43887613435214
4.220000000000001, -67.24731279395101
4.2250000000000005, -67.05598557673343
4.23, -66.86489389126547
4.235, -66.67403714836448
4.24, -66.48341476108745
4.245, -66.29302614471956
4.25, -66.10287071676282
4.255, -65.91294789692476
4.26, -65.72325710710705
4.265000000000001, -65.53379777139446
4.2700000000000005, -65.34456931604386
4.275, -65.15557116947295
4.28, -64.96680276224939
4.285, -64.77826352707994
4.29, -64.58995289879974
4.295, -64.4018703143613
4.3, -64.2140152128241
4.305000000000001, -64.02638703534372
4.3100000000000005, -63.838985225161544
4.315, -63.65180922759407
4.32, -63.46485849002258
4.325, -63.27813246188284
4.33, -63.0916305946547
4.335, -62.905352341851994
4.34, -62.71929715901228
4.345000000000001, -62.53346450368684
4.3500000000000005, -62.347853835430676
4.355, -62.16246461579236
4.36, -61.977296308304346
4.365, -61.792348378473015
4.37, -61.607620293768875
4.375, -61.423111523616996
4.38, -61.238821539387146
4.385, -61.054749814384394
4.390000000000001, -60.870895823839334
4.3950000000000005, -60.68725904489895
4.4, -60.503838956616804
4.405, -60.32063503994398
4.41, -60.137646777719596
4.415, -59.95487365466167
4.420000000000001, -59.77231515735787
4.425000000000001, -59.58997077425646
4.430000000000001, -59.40783999565709
4.4350000000000005, -59.22592231370184
4.44, -59.04421722236631
4.445, -58.86272421745071
4.45, -58.681442796570835
4.455, -58.5003724591495
4.460000000000001, -58.31951270640758
4.465000000000001, -58.13886304135552
4.470000000000001, -57.95842296878454
4.4750000000000005, -57.778191995258055
4.48, -57.59816962910325
4.485, -57.418355380402446
4.49, -57.23874876098478
4.495, -57.0593492844178
4.5, -56.880156465999086
4.505000000000001, -56.701169822748014
4.510000000000001, -56.52238887339749
4.515000000000001, -56.34381313838581
4.5200000000000005, -56.165442139848516
4.525, -55.98727540161022
4.53, -55.80931244917678
4.535, -55.63155280972699
4.54, -55.453996012104994
4.545000000000001, -55.27664158681212
4.550000000000001, -55.09948906599925
4.555000000000001, -54.922537983458824
4.5600000000000005, -54.74578787461718
4.565, -54.56923827652687
4.57, -54.39288872785895
4.575, -54.216738768895425
4.58, -54.0407879415216
4.585000000000001, -53.865035789218595
4.590000000000001, -53.689481857055924
4.595000000000001, -53.51412569168395
4.6000000000000005, -53.33896684132652
4.605, -53.16400485577364
4.61, -52.98923928637423
4.615, -52.814669686028736
4.62, -52.64029560918198
4.625, -52.466116611815984
4.630000000000001, -52.29213225144278
4.635000000000001, -52.11834208709744
4.640000000000001, -51.944745679330865
4.6450000000000005, -51.77134259020285
4.65, -51.59813238327513
4.655, -51.42511462360441
4.66, -51.25228887773549
4.665, -51.079654713694445
4.670000000000001, -50.90721170098173
4.675000000000001, -50.73495941056558
4.680000000000001, -50.562897414874996
4.6850000000000005, -50.39102528779335
4.69, -50.21934260465154
4.695, -50.0478489422214
4.7, -49.8765438787092
4.705, -49.705426993749064
4.710000000000001, -49.5344978683964
4.715000000000001, -49.363756085121565
4.720000000000001, -49.193201227803335
4.7250000000000005, -49.02283288172252
4.73, -48.85265063355567
4.735, -48.68265407136867
4.74, -48.51284278461051
4.745, -48.34321636410707
4.750000000000001, -48.17377440205482
4.755000000000001, -48.00451649201475
4.760000000000001, -47.835442228906125
4.765000000000001, -47.666551209000424
4.7700000000000005, -47.49784302991529
4.775, -47.32931729060842
4.78, -47.16097359137164
4.785, -46.992811533824955
4.79, -46.82483072091043
4.795000000000001, -46.65703075688651
4.800000000000001, -46.48941124732213
4.805000000000001, -46.32197179909065
4.8100000000000005, -46.15471202036426
4.815, -45.98763152060822
4.82, -45.820729910574975
4.825, -45.65400680229856
4.83, -45.48746180908887
4.835000000000001, -45.32109454552605
4.840000000000001, -45.154904627454954
4.845000000000001, -44.988891671979346
4.8500000000000005, -44.82305529745652
4.855, -44.657395123491796
4.86, -44.49191077093294
4.865, -44.32660186186472
4.87, -44.16146801960356
4.875000000000001, -43.99650886869204
4.880000000000001, -43.83172403489358
4.885000000000001, -43.66711314518713
4.890000000000001, -43.50267582776174
4.8950000000000005, -43.33841171201142
4.9, -43.17432042852983
4.905, -43.010401609105045
4.91, -42.84665488671434
4.915, -42.683079895519114
4.920000000000001, -42.51967627085962
4.925000000000001, -42.35644364925006
4.930000000000001, -42.19338166837323
4.9350000000000005, -42.0304899670757
4.94, -41.867768185362664
4.945, -41.70521596439299
4.95, -41.542832946474206
4.955, -41.380618775057606
4.960000000000001, -41.21857309473328
4.965000000000001, -41.05669555122532
4.970000000000001, -40.89498579138681
4.9750000000000005, -40.733443463195094
4.98, -40.57206821574695
4.985, -40.41085969925369
4.99, -40.24981756503663
4.995, -40.08894146552215
5.000000000000001, -39.928231054237
5.005000000000001, -39.76768598580379
5.010000000000001, -39.607305915936124
5.015000000000001, -39.44709050143403
5.0200000000000005, -39.28703940017943
5.025, -39.12715227113146
5.03, -38.967428774321945
5.035, -38.80786857085085
5.04, -38.6484713228818
5.045000000000001, -38.48923669363754
5.050000000000001, -38.33016434739556
5.055000000000001, -38.17125394948355
5.0600000000000005, -38.01250516627499
5.065, -37.85391766518482
5.07, -37.69549111466507
5.075, -37.53722518420043
5.08, -37.37911954430409
5.085000000000001, -37.22117386651309
5.090000000000001, -37.063387823384595
5.095000000000001, -36.90576108849106
5.1000000000000005, -36.74829333641638
5.105, -36.59098424275151
5.11, -36.433833484090336
5.115, -36.27684073802547
5.12, -36.12000568314413
5.125000000000001, -35.96332799902397
5.130000000000001, -35.80680736622915
5.135000000000001, -35.650443466305944
5.140000000000001, -35.494235981778935
5.1450000000000005, -35.338184596146895
5.15, -35.18228899387875
5.155, -35.026548860409605
5.16, -34.87096388213675
5.165, -34.7155337464157
5.170000000000001, -34.56025814155627
5.175000000000001, -34.40513675681875
5.180000000000001, -34.250169282409786
5.1850000000000005, -34.0953554094787
5.19, -33.9406948301136
5.195, -33.78618723733749
5.2, -33.631832325104455
5.205, -33.47762978829593
5.210000000000001, -33.32357932271683
5.215000000000001, -33.16968062509198
5.220000000000001, -33.01593339306212
5.2250000000000005, -32.86233732518032
5.23, -32.70889212090832
5.235, -32.555597480612754
5.24, -32.40245310556159
5.245, -32.24945869792035
5.250000000000001, -32.096613960748606
5.255000000000001, -31.943918597996372
5.260000000000001, -31.79137231450045
5.265000000000001, -31.6389748159808
5.2700000000000005, -31.486725809037175
5.275, -31.33462500114547
5.28, -31.18267210065415
5.285, -31.0308668167809
5.29, -30.879208859609005
5.295000000000001, -30.727697940084
5.300000000000001, -30.576333770010137
5.305000000000001, -30.42511606204701
5.3100000000000005, -30.27404452970609
5.315, -30.1231188873474
5.32, -29.97233885017605
5.325, -29.82170413423897
5.33, -29.671214456421566
5.335000000000001, -29.520869534444216
5.340000000000001, -29.370669086859245
5.345000000000001, -29.220612833047408
5.3500000000000005, -29.070700493214677
5.355, -28.920931788389005
5.36, -28.771306440417064
5.365, -28.621824171961038
5.37, -28.47248470649533
5.375000000000001, -28.323287768303445
5.380000000000001, -28.17423308247486
5.385000000000001, -28.02532037490174
5.390000000000001, -27.87654937227579
5.3950000000000005, -27.727919802085204
5.4, -27.57943139261152
5.405, -27.431083872926486
5.41, -27.28287697288902
5.415, -27.134810423142035
5.420000000000001, -26.986883955109548
5.425000000000001, -26.83909730099348
5.430000000000001, -26.691450193770752
5.4350000000000005, -26.543942367190137
5.44, -26.396573555769386
5.445, -26.24934349479218
5.45, -26.102251920305193
5.455, -25.955298569115072
5.460000000000001, -25.80848317878559
5.465000000000001, -25.66180548763471
5.470000000000001, -25.515265234731544
5.4750000000000005, -25.3688621598936
5.48, -25.222596003683876
5.485, -25.0764665074079
5.49, -24.93047341311101
5.495, -24.784616463575382
5.500000000000001, -24.638895402317246
5.505000000000001, -24.493309973584182
5.510000000000001, -24.34785992235212
5.515000000000001, -24.20254499432271
5.5200000000000005, -24.057364935920468
5.525, -23.912319494290024
5.53, -23.767408417293474
5.535, -23.622631453507438
5.54, -23.47798835222059
5.545000000000001, -23.333478863430717
5.550000000000001, -23.189102737842187
5.555000000000001, -23.044859726863233
5.5600000000000005, -22.9007495826032
5.565, -22.75677205786998
5.57, -22.612926906167342
5.575, -22.46921388169229
5.58, -22.32563273933243
5.585000000000001, -22.18218323466341
5.590000000000001, -22.038865123946323
5.595000000000001, -21.895678164125048
5.6000000000000005, -21.75262211282374
5.605, -21.60969672834433
5.61, -21.466901769663817
5.615, -21.32423699643194
5.62, -21.18170216896844
5.625000000000001, -21.039297048260735
5.630000000000001, -20.89702139596137
5.635000000000001, -20.754874974385466
5.640000000000001, -20.612857546508263
5.6450000000000005, -20.470968875962747
5.65, -20.329208727037095
5.655, -20.187576864672273
5.66, -20.04607305445966
5.665, -19.90469706263852
5.670000000000001, -19.763448656093676
5.675000000000001, -19.622327602353163
5.680000000000001, -19.481333669585702
5.6850000000000005, -19.340466626598403
5.69, -19.199726242834505
5.695, -19.059112288370798
5.7, -18.91862453391549
5.705, -18.778262750805826
5.710000000000001, -18.638026711005658
5.715000000000001, -18.497916187103367
5.720000000000001, -18.3579309523093
5.7250000000000005, -18.218070780453658
5.73, -18.078335445984212
5.735, -17.938724723963922
5.74, -17.79923839006885
5.745, -17.659876220585765
5.750000000000001, -17.520637992410023
5.755000000000001, -17.38152348304328
5.760000000000001, -17.242532470591332
5.765000000000001, -17.103664733761782
5.7700000000000005, -16.96492005186201
5.775, -16.82629820479695
5.78, -16.687798973066823
5.785, -16.549422137765085
5.79, -16.411167480576186
5.795000000000001, -16.273034783773543
5.800000000000001, -16.135023830217303
5.805000000000001, -15.997134403352241
5.8100000000000005, -15.859366287205646
5.815, -15.721719266385303
5.82, -15.584193126077214
5.825, -15.446787652043753
5.83, -15.30950263062132
5.835000000000001, -15.172337848718499
5.840000000000001, -15.035293093813973
5.845000000000001, -14.89836815395433
5.8500000000000005, -14.761562817752125
5.855, -14.624876874383876
5.86, -14.488310113588
5.865, -14.351862325662829
5.87, -14.215533301464546
5.875000000000001, -14.079322832405307
5.880000000000001, -13.943230710451108
5.885000000000001, -13.807256728119981
5.890000000000001, -13.671400678479877
5.8950000000000005, -13.53566235514678
5.9, -13.400041552282769
5.905, -13.26453806459402
5.91, -13.129151687328957
5.915, -12.993882216276248
5.920000000000001, -12.85872944776294
5.925000000000001, -12.723693178652578
5.930000000000001, -12.588773206343237
5.9350000000000005, -12.453969328765677
5.94, -12.319281344381412
5.945, -12.184709052180942
5.95, -12.050252251681815
5.955, -11.915910742926755
5.960000000000001, -11.78168432648187
5.965000000000001, -11.647572803434787
5.970000000000001, -11.513575975392836
5.9750000000000005, -11.379693644481168
5.98, -11.245925613341033
5.985, -11.112271685127904
5.99, -10.978731663509684
5.995, -10.84530535266499
6.000000000000001, -10.711992557281217
6.005000000000001, -10.57879308255296
6.010000000000001, -10.44570673418012
6.015000000000001, -10.312733318366142
6.0200000000000005, -10.179872641816257
6.025, -10.047124511735852
6.03, -9.91448873582862
6.035, -9.781965122294828
6.04, -9.649553479829684
6.045000000000001, -9.51725361762151
6.050000000000001, -9.385065345350213
6.055000000000001, -9.25298847318533
6.0600000000000005, -9.12102281178457
6.065, -8.989168172291972
6.07, -8.857424366336357
6.075, -8.725791206029506
6.08, -8.594268503964692
6.085000000000001, -8.462856073214802
6.090000000000001, -8.331553727330895
6.095000000000001, -8.200361280340438
6.1000000000000005, -8.069278546745704
6.105, -7.938305341522096
6.11, -7.807441480116683
6.115, -7.676686778446385
6.12, -7.546041052896491
6.125000000000001, -7.415504120318992
6.130000000000001, -7.285075798031151
6.135000000000001, -7.15475590381368
6.140000000000001, -7.024544255909291
6.1450000000000005, -6.89444067302113
6.15, -6.764444974311161
6.155, -6.634556979398724
6.16, -6.504776508358759
6.165, -6.375103381720514
6.170000000000001, -6.245537420465794
6.175000000000001, -6.116078446027643
6.180000000000001, -5.9867262802886145
6.1850000000000005, -5.857480745579352
6.19, -5.728341664677053
6.195, -5.59930886080403
6.2, -5.470382157626034
6.205, -5.34156137925104
6.210000000000001, -5.21284635022748
6.215000000000001, -5.084236895542951
6.220000000000001, -4.955732840622616
6.2250000000000005, -4.827334011327821
6.23, -4.699040233954605
6.235, -4.570851335232234
6.24, -4.442767142321756
6.245, -4.3147874828145945
6.250000000000001, -4.186912184731
6.255000000000001, -4.059141076518806
6.260000000000001, -3.9314739870518025
6.265000000000001, -3.8039107456284356
6.2700000000000005, -3.676451181970357
6.275, -3.5490951262210544
6.28, -3.4218424089443715
6.285, -3.294692861123181
6.29, -3.1676463141579987
6.295000000000001, -3.0407025998655257
6.300000000000001, -2.913861550477357
6.305000000000001, -2.787122998638573
6.3100000000000005, -2.6604867774063123
6.315, -2.533952720248486
6.32, -2.4075206610424544
6.325, -2.2811904340735936
6.33, -2.1549618740339227
6.335000000000001, -2.0288348160208542
6.340000000000001, -1.9028090955359431
6.345000000000001, -1.776884548483281
6.3500000000000005, -1.651061011168423
6.355, -1.525338320296946
6.36, -1.3997163129732115
6.365, -1.2741948266990093
6.37, -1.1487736993722777
6.375000000000001, -1.023452769285747
6.380000000000001, -0.8982318751258163
6.385000000000001, -0.7731108559710336
6.390000000000001, -0.6480895512910294
6.3950000000000005, -0.5231678009450818
6.4, -0.39834544518099335
6.405, -0.27362232463369196
6.41, -0.14899828032399398
6.415000000000001, -0.024473153657488922
6.420000000000001, 0.0999532135768888
6.425000000000001, 0.2242809792079683
6.430000000000001, 0.34851030068369226
6.4350000000000005, 0.4726413350722538
6.44, 0.5966742390634181
6.445, 0.720609168969645
6.45, 0.8444462807273823
6.455, 0.9681857298982308
6.460000000000001, 1.091827671670245
6.465000000000001, 1.215372260858949
6.470000000000001, 1.338819651908743
6.4750000000000005, 1.4621699988940406
6.48, 1.5854234555202993
6.485, 1.7085801751254408
6.49, 1.8316403106808608
6.495, 1.9546040147927357
6.500000000000001, 2.077471439703068
6.505000000000001, 2.200242737290857
6.510000000000001, 2.3229180590733733
6.515000000000001, 2.4454975562072647
6.5200000000000005, 2.567981379489673
6.525, 2.6903696793593284
6.53, 2.8126626058978914
6.535, 2.9348603088308494
6.540000000000001, 3.056962937528823
6.545000000000001, 3.17897064100859
6.550000000000001, 3.3008835679342923
6.555000000000001, 3.422701866618489
6.5600000000000005, 3.5444256850233202
6.565, 3.6660551707615667
6.57, 3.787590471097829
6.575, 3.9090317329495363
6.58, 4.030379102888105
6.585000000000001, 4.151632727140047
6.590000000000001, 4.272792751587993
6.595000000000001, 4.393859321771835
6.6000000000000005, 4.514832582889788
6.605, 4.635712679799433
6.61, 4.756499757018879
6.615, 4.877193958727702
6.62, 4.997795428768107
6.625000000000001, 5.118304310646003
6.630000000000001, 5.2387207475319
6.635000000000001, 5.359044882262168
6.640000000000001, 5.479276857339926
6.6450000000000005, 5.599416814936227
6.65, 5.719464896890891
6.655, 5.839421244713755
6.66, 5.959285999585582
6.665000000000001, 6.0790593023591555
6.670000000000001, 6.1987412935601185
6.675000000000001, 6.3183321133883155
6.680000000000001, 6.437831901718511
6.6850000000000005, 6.557240798101539
6.69, 6.6765589417653075
6.695, 6.795786471615735
6.7, 6.914923526237814
6.705, 7.033970243896633
6.710000000000001, 7.152926762538215
6.715000000000001, 7.271793219790624
6.720000000000001, 7.390569752964993
6.7250000000000005, 7.5092564990563915
6.73, 7.6278535947448916
6.735, 7.746361176396427
6.74, 7.864779380063851
6.745, 7.9831083414879345
6.750000000000001, 8.101348196098222
6.755000000000001, 8.219499079014028
6.760000000000001, 8.337561125045397
6.765000000000001, 8.455534468694097
6.7700000000000005, 8.573419244154522
6.775, 8.691215585314538
6.78, 8.808923625756627
6.785, 8.926543498758711
6.790000000000001, 9.044075337295006
6.795000000000001, 9.16151927403704
6.800000000000001, 9.278875441354636
6.805000000000001, 9.396143971316654
6.8100000000000005, 9.513324995692145
6.815, 9.630418645951032
6.82, 9.747425053265168
6.825, 9.864344348509135
6.83, 9.98117666226129
6.835000000000001, 10.097922124804562
6.840000000000001, 10.214580866127307
6.845000000000001, 10.331153015924315
6.8500000000000005, 10.447638703597647
6.855, 10.564038058257516
6.86, 10.680351208723152
6.865, 10.796578283523715
6.87, 10.912719410899143
6.875000000000001, 11.028774718801117
6.880000000000001, 11.144744334893723
6.885000000000001, 11.260628386554508
6.890000000000001, 11.376427000875331
6.8950000000000005, 11.49214030466311
6.9, 11.607768424440756
6.905, 11.723311486448026
6.91, 11.838769616642338
6.915000000000001, 11.95414294069969
6.920000000000001, 12.069431584015298
6.925000000000001, 12.184635671704761
6.930000000000001, 12.29975532860469
6.9350000000000005, 12.414790679273494
6.94, 12.529741847992355
6.945, 12.644608958766028
6.95, 12.75939213532353
6.955, 12.874091501119139
6.960000000000001, 12.988707179333183
6.965000000000001, 13.103239292872622
6.970000000000001, 13.217687964372224
6.9750000000000005, 13.33205331619515
6.98, 13.446335470433809
6.985, 13.560534548910596
6.99, 13.674650673178803
6.995, 13.788683964523422
7.000000000000001, 13.902634543961788
7.005000000000001, 14.016502532244523
7.010000000000001, 14.130288049856254
7.015000000000001, 14.243991217016358
7.0200000000000005, 14.35761215367993
7.025, 14.471150979538308
7.03, 14.58460781402006
7.035, 14.697982776291568
7.040000000000001, 14.811275985258021
7.045000000000001, 14.924487559563971
7.050000000000001, 15.037617617594229
7.055000000000001, 15.150666277474585
7.0600000000000005, 15.263633657072603
7.065, 15.37651987399829
7.07, 15.489325045604929
7.075, 15.60204928898979
7.08, 15.71469272099499
7.085000000000001, 15.827255458208015
7.090000000000001, 15.939737616962667
7.095000000000001, 16.052139313339694
7.1000000000000005, 16.164460663167624
7.105, 16.276701782023373
7.11, 16.38886278523305
7.115, 16.50094378787275
7.12, 16.61294490476913
7.125000000000001, 16.724866250500277
7.130000000000001, 16.836707939396284
7.135000000000001, 16.94847008554013
7.140000000000001, 17.060152802768314
7.1450000000000005, 17.17175620467153
7.15, 17.283280404595402
7.155, 17.394725515641326
7.16, 17.506091650666924
7.165000000000001, 17.617378922286996
7.170000000000001, 17.728587442874023
7.175000000000001, 17.839717324558983
7.180000000000001, 17.95076867923204
7.1850000000000005, 18.06174161854318
7.19, 18.172636253902958
7.195, 18.28345269648313
7.2, 18.394191057217434
7.205, 18.504851446802107
7.210000000000001, 18.615433975696803
7.215000000000001, 18.72593875412501
7.220000000000001, 18.83636589207493
7.2250000000000005, 18.946715499300055
7.23, 19.05698768531984
7.235, 19.16718255942044
7.24, 19.277300230655285
7.245, 19.38734080784579
7.250000000000001, 19.497304399582063
7.255000000000001, 19.607191114223404
7.260000000000001, 19.717001059899182
7.265000000000001, 19.82673434450932
7.2700000000000005, 19.936391075725005
7.275, 20.04597136098939
7.28, 20.15547530751816
7.285, 20.264903022300153
7.290000000000001, 20.374254612098177
7.295000000000001, 20.48353018344939
7.300000000000001, 20.592729842666166
7.305000000000001, 20.70185369583664
7.3100000000000005, 20.81090184882533
7.315, 20.919874407273774
7.32, 21.028771476601193
7.325, 21.137593162005054
7.33, 21.2463395684618
7.335000000000001, 21.355010800727378
7.340000000000001, 21.46360696333784
7.345000000000001, 21.572128160610056
7.3500000000000005, 21.6805744966423
7.355, 21.78894607531482
7.36, 21.897243000290487
7.365, 22.005465375015405
7.37, 22.11361330271948
7.375000000000001, 22.221686886417096
7.380000000000001, 22.32968622890764
7.385000000000001, 22.437611432776123
7.390000000000001, 22.54546260039384
7.3950000000000005, 22.653239833918946
7.4, 22.760943235296907
7.405, 22.86857290626135
7.41, 22.97612894833445
7.415000000000001, 23.083611462827584
7.420000000000001, 23.1910205508419
7.425000000000001, 23.298356313268975
7.430000000000001, 23.405618850791278
7.4350000000000005, 23.51280826388288
7.44, 23.619924652809885
7.445, 23.726968117631145
7.45, 23.83393875819879
7.455, 23.94083667415874
7.460000000000001, 24.047661964951345
7.465000000000001, 24.154414729811926
7.470000000000001, 24.261095067771336
7.4750000000000005, 24.36770307765655
7.48, 24.47423885809119
7.485, 24.580702507496156
7.49, 24.687094124090052
7.495, 24.793413805889912
7.500000000000001, 24.89966165071165
7.505000000000001, 25.00583775617055
7.510000000000001, 25.111942219681964
7.515000000000001, 25.217975138461853
7.5200000000000005, 25.32393660952716
7.525, 25.42982672969653
7.53, 25.535645595590786
7.535, 25.641393303633507
7.540000000000001, 25.747069950051518
7.545000000000001, 25.85267563087541
7.550000000000001, 25.95821044194016
7.555000000000001, 26.06367447888561
7.5600000000000005, 26.169067837156987
7.565, 26.274390612005554
7.57, 26.379642898488868
7.575, 26.484824791471638
7.58, 26.58993638562599
7.585000000000001, 26.69497777543218
7.590000000000001, 26.799949055178928
7.595000000000001, 26.904850318964073
7.6000000000000005, 27.009681660695065
7.605, 27.114443174089516
7.61, 27.21913495267558
7.615, 27.32375708979258
7.62, 27.42830967859154
7.625000000000001, 27.53279281203563
7.630000000000001, 27.637206582900617
7.635000000000001, 27.74155108377552
7.640000000000001, 27.845826407063
7.6450000000000005, 27.95003264497997
7.65, 28.054169889557933
7.655, 28.15823823264359
7.66, 28.26223776589938
7.665000000000001, 28.366168580803887
7.670000000000001, 28.47003076865232
7.675000000000001, 28.573824420557088
7.680000000000001, 28.677549627448244
7.6850000000000005, 28.781206480073955
7.69, 28.88479506900112
7.695, 28.988315484615548
7.7, 29.091767817122893
7.705, 29.195152156548616
7.710000000000001, 29.298468592739
7.715000000000001, 29.401717215361167
7.720000000000001, 29.504898113903877
7.7250000000000005, 29.608011377677798
7.73, 29.711057095816074
7.735, 29.814035357274875
7.74, 29.91694625083369
7.745, 30.019789865095902
7.750000000000001, 30.12256628848926
7.755000000000001, 30.225275609266312
7.760000000000001, 30.327917915504898
7.765000000000001, 30.43049329510857
7.7700000000000005, 30.5330018358071
7.775, 30.635443625156917
7.78, 30.737818750541607
7.785, 30.840127299172288
7.790000000000001, 30.942369358088165
7.795000000000001, 31.044545014156817
7.800000000000001, 31.146654354074904
7.805000000000001, 31.248697464368412
7.8100000000000005, 31.35067443139311
7.815, 31.452585341335215
7.82, 31.554430280211548
7.825, 31.656209333870116
7.83, 31.757922587990628
7.835000000000001, 31.859570128084805
7.840000000000001, 31.961152039496895
7.845000000000001, 32.06266840740406
7.8500000000000005, 32.164119316816894
7.855, 32.2655048525798
7.86, 32.36682509937141
7.865, 32.4680801417051
7.87, 32.56927006392933
7.875000000000001, 32.67039495022813
7.880000000000001, 32.771454884621456
7.885000000000001, 32.87244995096578
7.890000000000001, 32.973380232954334
7.8950000000000005, 33.07424581411764
7.9, 33.17504677782388
7.905, 33.2757832072794
7.91, 33.376455185529025
7.915000000000001, 33.47706279545657
7.920000000000001, 33.577606119785116
7.925000000000001, 33.678085241077696
7.930000000000001, 33.77850024173739
7.9350000000000005, 33.87885120400798
7.94, 33.97913820997424
7.945, 34.0793613415624
7.95, 34.17952068054055
7.955, 34.27961630851898
7.960000000000001, 34.37964830695073
7.965000000000001, 34.47961675713181
7.970000000000001, 34.57952174020179
7.9750000000000005, 34.67936333714409
7.98, 34.77914162878639
7.985, 34.87885669580108
7.99, 34.97850861870567
7.995, 35.07809747786304
8., 35.177623353482055
8.005, 35.27708632561782
8.01, 35.376486474172054
8.015, 35.475823878893635
8.02, 35.575098619378785
8.025, 35.67431077507171
8.03, 35.77346042526469
8.035, 35.87254764909874
8.040000000000001, 35.97157252556385
8.045, 36.070535133499355
8.05, 36.16943555159449
8.055, 36.2682738583885
8.06, 36.367050132271316
8.065, 36.465764451483686
8.07, 36.564416894117734
8.075, 36.66300753811717
8.08, 36.761536461277935
8.085, 36.86000374124825
8.09, 36.95840945552915
8.095, 37.05675368147496
8.1, 37.155036496293505
8.105, 37.25325797704654
8.11, 37.35141820065005
8.115, 37.449517243874844
8.12, 37.54755518334657
8.125, 37.645532095546486
8.13, 37.74344805681148
8.135, 37.84130314333451
8.14, 37.939097431165216
8.145, 38.036830996209936
8.15, 38.134503914232326
8.155, 38.23211626085353
8.16, 38.3296681115527
8.165000000000001, 38.42715954166725
8.17, 38.52459062639317
8.175, 38.62196144078564
8.18, 38.71927205975896
8.185, 38.81652255808735
8.19, 38.9137130104049
8.195, 39.010843491206316
8.2, 39.10791407484687
8.205, 39.20492483554306
8.21, 39.30187584737285
8.215, 39.398767184275904
8.22, 39.495598920054164
8.225, 39.59237112837192
8.23, 39.689083882756464
8.235, 39.78573725659813
8.24, 39.882331323150844
8.245, 39.9788661555323
8.25, 40.07534182672453
8.255, 40.17175840957402
8.26, 40.268115976792046
8.265, 40.36441460095523
8.27, 40.460654354505685
8.275, 40.55683530975138
8.28, 40.652957538866474
8.285, 40.74902111389175
8.290000000000001, 40.84502610673479
8.295, 40.94097258917032
8.3, 41.036860632840714
8.305, 41.13269030925613
8.31, 41.22846168979497
8.315, 41.324174845703965
8.32, 41.41982984809894
8.325, 41.515426767964605
8.33, 41.6109656761554
8.335, 41.706446643395346
8.34, 41.801869740278676
8.345, 41.897235037270086
8.35, 41.99254260470495
8.355, 42.08779251278978
8.36, 42.18298483160244
8.365, 42.27811963109253
8.37, 42.37319698108162
8.375, 42.46821695126362
8.38, 42.563179611205165
8.385, 42.65808503034567
8.39, 42.75293327799806
8.395, 42.84772442334856
8.4, 42.942458535457526
8.405000000000001, 43.03713568325933
8.41, 43.131755935562936
8.415000000000001, 43.22631936105209
8.42, 43.32082602828562
8.425, 43.415276005697855
8.43, 43.509669361598625
8.435, 43.6040061641741
8.440000000000001, 43.698286481486534
8.445, 43.79251038147479
8.450000000000001, 43.886677931954836
8.455, 43.980789200619654
8.46, 44.07484425503991
8.465, 44.16884316266392
8.47, 44.26278599081827
8.475, 44.3566728067078
8.48, 44.45050367741619
8.485000000000001, 44.544278669905964
8.49, 44.63799785101902
8.495000000000001, 44.73166128747681
8.5, 44.82526904588064
8.505, 44.91882119271198
8.51, 45.012317794332695
8.515, 45.105758916985515
8.520000000000001, 45.19914462679399
8.525, 45.29247498976311
8.530000000000001, 45.38575007177941
8.535, 45.478969938611286
8.540000000000001, 45.57213465590933
8.545, 45.665244289206505
8.55, 45.758298903918586
8.555, 45.85129856534423
8.56, 45.94424333866547
8.565000000000001, 46.03713328894792
8.57, 46.12996848114086
8.575000000000001, 46.222748980077895
8.58, 46.315474850476875
8.585, 46.40814615694042
8.59, 46.50076296395601
8.595, 46.593325335896395
8.6, 46.6858333370198
8.605, 46.778287031470235
8.610000000000001, 46.870686483277694
8.615, 46.963031756358475
8.620000000000001, 47.05532291451555
8.625, 47.14756002143861
8.63, 47.239743140704554
8.635, 47.33187233577763
8.64, 47.423947670009746
8.645000000000001, 47.51596920664066
8.65, 47.60793700879839
8.655000000000001, 47.69985113949937
8.66, 47.79171166164875
8.665000000000001, 47.88351863804069
8.67, 47.975272131358444
8.675, 48.06697220417497
8.68, 48.15861891895276
8.685, 48.25021233804452
8.690000000000001, 48.34175252369314
8.695, 48.433239538031955
8.700000000000001, 48.524673443085284
8.705, 48.61605430076833
8.71, 48.707382172887755
8.715, 48.798657121141574
8.72, 48.889879207119854
8.725, 48.981048492304524
8.73, 49.072165038069905
8.735000000000001, 49.16322890568302
8.74, 49.25424015630347
8.745000000000001, 49.34519885098419
8.75, 49.43610505067119
8.755, 49.526958816204306
8.76, 49.617760208317
8.765, 49.70850928763688
8.770000000000001, 49.799206114685944
8.775, 49.889850749880615
8.780000000000001, 49.98044325353226
8.785, 50.07098368584718
8.790000000000001, 50.1614721069271
8.795, 50.25190857676919
8.8, 50.34229315526651
8.805, 50.432625902208
8.81, 50.52290687727904
8.815000000000001, 50.61313614006143
8.82, 50.70331375003366
8.825000000000001, 50.793439766571396
8.83, 50.88351424894734
8.835, 50.9735372563318
8.84, 51.063508847792704
8.845, 51.153429082296036
8.85, 51.243298018705765
8.855, 51.33311571578449
8.860000000000001, 51.42288223219329
8.865, 51.51259762649223
8.870000000000001, 51.602261957140435
8.875, 51.69187528249639
8.88, 51.78143766081822
8.885, 51.87094915026372
8.89, 51.96040980889089
8.895000000000001, 52.0498196946579
8.9, 52.13917886542346
8.905000000000001, 52.22848737894696
8.91, 52.31774529288881
8.915000000000001, 52.406952664810596
8.92, 52.49610955217525
8.925, 52.58521601234744
8.93, 52.674272102593584
8.935, 52.763277880082306
8.940000000000001, 52.8522334018845
8.945, 52.94113872497346
8.950000000000001, 53.02999390622549
8.955, 53.11879900241964
8.96, 53.20755407023831
8.965, 53.29625916626724
8.97, 53.384914346995856
8.975000000000001, 53.47351966881743
8.98, 53.56207518802926
8.985000000000001, 53.65058096083309
8.99, 53.73903704333499
8.995000000000001, 53.82744349154593
9., 53.915800361381706
9.005, 54.00410770866335
9.01, 54.092365589117264
9.015, 54.18057405837542
9.020000000000001, 54.26873317197562
9.025, 54.35684298536163
9.030000000000001, 54.44490355388362
9.035, 54.53291493279795
9.040000000000001, 54.620877177267914
9.045, 54.70879034236342
9.05, 54.796654483061666
9.055, 54.88446965424694
9.06, 54.972235910711284
9.065000000000001, 55.05995330715421
9.07, 55.14762189818324
9.075000000000001, 55.23524173831403
9.08, 55.322812881970556
9.085, 55.41033538348536
9.09, 55.49780929709957
9.095, 55.585234676963516
9.100000000000001, 55.672611577136514
9.105, 55.75994005158718
9.110000000000001, 55.84722015419389
9.115, 55.934451938744594
9.120000000000001, 56.0216354589373
9.125, 56.108770768380126
9.13, 56.19585792059164
9.135, 56.28289696900085
9.14, 56.36988796694773
9.145000000000001, 56.45683096768295
9.15, 56.543726024368574
9.155000000000001, 56.63057319007789
9.16, 56.71737251779587
9.165000000000001, 56.80412406041911
9.17, 56.890827870756226
9.175, 56.97748400152804
9.18, 57.06409250536757
9.185, 57.15065343482056
9.190000000000001, 57.23716684234537
9.195, 57.32363278031328
9.200000000000001, 57.41005130100873
9.205, 57.49642245662952
9.21, 57.582746299286846
9.215, 57.669022881005695
9.22, 57.755252253724926
9.225000000000001, 57.84143446929748
9.23, 57.927569579490516
9.235000000000001, 58.013657635985744
9.24, 58.09969869037944
9.245000000000001, 58.18569279418278
9.25, 58.2716399988219
9.255, 58.357540355638235
9.26, 58.443393915888535
9.265, 58.52920073074523
9.270000000000001, 58.61496085129647
9.275, 58.70067432854627
9.280000000000001, 58.78634121341502
9.285, 58.87196155673919
9.290000000000001, 58.95753540927196
9.295, 59.04306282168306
9.3, 59.128543844559196
9.305, 59.21397852840404
9.31, 59.29936692363866
9.315000000000001, 59.384709080601425
9.32, 59.47000504954824
9.325000000000001, 59.55525488065302
9.33, 59.640458624007415
9.335, 59.72561632962138
9.34, 59.810728047423126
9.345, 59.89579382725939
9.350000000000001, 59.98081371889553
9.355, 60.06578777201584
9.360000000000001, 60.15071603622359
9.365, 60.2355985610413
9.370000000000001, 60.32043539591088
9.375, 60.40522659019371
9.38, 60.48997219317106
9.385, 60.574672254044
9.39, 60.65932682193377
9.395000000000001, 60.743935945881766
9.4, 60.828499674849844
9.405000000000001, 60.91301805772055
9.41, 60.99749114329712
9.415000000000001, 61.08191898030376
9.42, 61.16630161738584
9.425, 61.25063910310996
9.43, 61.334931485964226
9.435, 61.41917881435833
9.440000000000001, 61.503381136623844
9.445, 61.587538501014194
9.450000000000001, 61.67165095570508
9.455, 61.755718548794356
9.46, 61.83974132830251
9.465, 61.92371934217255
9.47, 62.007652638270336
9.475000000000001, 62.09154126438477
9.48, 62.17538526822772
9.485000000000001, 62.259184697434584
9.49, 62.34293959956398
9.495000000000001, 62.4266500220984
9.5, 62.51031601244396
9.505, 62.59393761793089
9.51, 62.67751488581335
9.515, 62.76104786326999
9.520000000000001, 62.84453659740382
9.525, 62.92798113524237
9.530000000000001, 63.01138152373814
9.535, 63.09473780976836
9.540000000000001, 63.17805004013557
9.545, 63.26131826156735
9.55, 63.34454252071687
9.555, 63.427722864162746
9.56, 63.51085933840943
9.565000000000001, 63.59395198988717
9.57, 63.677000864952284
9.575000000000001, 63.76000600988741
9.58, 63.84296747090138
9.585, 63.925885294129635
9.59, 64.00875952563433
9.595, 64.09159021140438
9.600000000000001, 64.17437739735571
9.605, 64.25712112933138
9.610000000000001, 64.33982145310179
9.615, 64.42247841436473
9.620000000000001, 64.5050920587457
9.625, 64.58766243179777
9.63, 64.67018957900213
9.635, 64.75267354576789
9.64, 64.83511437743246
9.645000000000001, 64.9175121192616
9.65, 64.9998668164495
9.655000000000001, 65.08217851411919
9.66, 65.16444725732237
9.665000000000001, 65.24667309103981
9.67, 65.32885606018132
9.675, 65.41099620958607
9.68, 65.49309358402255
9.685, 65.57514822818891
9.690000000000001, 65.65716018671299
9.695, 65.73912950415237
9.700000000000001, 65.82105622499492
9.705, 65.90294039365838
9.71, 65.98478205449096
9.715, 66.06658125177124
9.72, 66.14833802970848
9.725000000000001, 66.23005243244262
9.73, 66.31172450404449
9.735000000000001, 66.39335428851598
9.74, 66.47494182979014
9.745000000000001, 66.55648717173135
9.75, 66.63799035813543
9.755, 66.71945143272987
9.76, 66.8008704391738
9.765, 66.88224742105835
9.770000000000001, 66.96358242190664
9.775, 67.04487548517397
9.780000000000001, 67.12612665424798
9.785, 67.20733597244873
9.790000000000001, 67.2885034830289
9.795, 67.36962922917385
9.8, 67.45071325400198
9.805, 67.53175560056454
9.81, 67.612756311846
9.815000000000001, 67.69371543076421
9.82, 67.77463300017027
9.825000000000001, 67.855509062849
9.83, 67.9363436615189
9.835, 68.01713683883236
9.84, 68.09788863737559
9.845, 68.17859909966913
9.850000000000001, 68.25926826816767
9.855, 68.33989618526029
9.860000000000001, 68.42048289327064
9.865, 68.50102843445697
9.870000000000001, 68.58153285101245
9.875, 68.66199618506505
9.88, 68.7424184786779
9.885, 68.82279977384925
9.89, 68.90314011251283
9.895000000000001, 68.98343953653769
9.9, 69.06369808772851
9.905000000000001, 69.14391580782579
9.91, 69.22409273850579
9.915000000000001, 69.30422892138085
9.92, 69.38432439799939
9.925, 69.46437920984616
9.93, 69.54439339834215
9.935, 69.62436700484506
9.940000000000001, 69.70430007064914
9.945, 69.78419263698535
9.950000000000001, 69.86404474502177
9.955, 69.94385643586327
9.96, 70.02362775055212
9.965, 70.10335873006775
9.97, 70.18304941532708
9.975000000000001, 70.26269984718445
9.98, 70.34231006643205
9.985000000000001, 70.4218801137998
9.99, 70.5014100299556
9.995000000000001, 70.58089985550532
10., 70.66034963099308
